Efficiency vs Speed
n (rpm)
(%)
0	0.000000
63.8628	0.931902
127.726	1.922591
191.588	2.964041
255.451	4.062638
319.314	5.222259
383.177	6.447530
447.04	7.744118
510.903	9.117841
574.765	10.576348
638.628	12.127098
702.491	13.779721
766.354	15.543272
830.217	17.431693
894.08	19.459911
957.942	21.641968
1021.81	23.995536
1085.67	26.539739
1149.53	29.299191
1213.39	32.334827
1277.26	35.735334
1341.12	39.586136
1404.98	43.867470
1468.85	48.393757
1532.71	53.018052
1596.57	57.556772
1660.43	61.842614
1724.3	65.770943
1788.16	69.209360
1852.02	72.208226
1915.88	74.877489
1979.75	77.270138
2043.61	79.423043
2107.47	81.371889
2171.34	83.130693
2235.2	84.722367
2299.06	86.148985
2362.92	87.416600
2426.79	88.520344
2490.65	89.441192
2554.51	90.142864
2618.38	90.545917
2682.24	90.475590
2746.1	89.485569
2809.96	86.059733
2873.83	69.635315
2905.93	0.000000
Efficiency
