Induced Winding Voltages at Rated Speed
Electric Degree
(Volts)
0	0.000000
1	2.886245
2	7.124303
3	13.207207
4	19.172937
5	23.014702
6	25.045775
7	26.150141
8	26.821860
9	27.273090
10	27.598016
11	27.844986
12	28.042969
13	28.211671
14	28.366054
15	28.518868
16	28.682438
17	28.870277
18	29.098941
19	29.390603
20	29.777296
21	30.309222
22	31.074139
23	32.249243
24	34.243929
25	38.025297
26	45.330106
27	56.735278
28	68.139871
29	75.442906
30	79.221198
31	81.211315
32	82.380074
33	83.136469
34	83.657152
35	84.029147
36	84.301672
37	84.505435
38	84.660819
39	84.781930
40	84.878895
41	84.959272
42	85.028988
43	85.092994
44	85.155778
45	85.221811
46	85.296014
47	85.384319
48	85.494442
49	85.637083
50	85.827986
51	86.092055
52	86.473027
53	87.059394
54	88.055772
55	89.945647
56	93.597345
57	99.299285
58	105.000955
59	108.651829
60	110.540275
61	111.534536
62	112.117972
63	112.495025
64	112.753952
65	112.938182
66	113.072216
67	113.171272
68	113.245368
69	113.301332
70	113.343935
71	113.376576
72	113.401713
73	113.421150
74	113.436231
75	113.447960
76	113.457102
77	113.464236
78	113.469810
79	113.474166
80	113.477570
81	113.480228
82	113.482300
83	113.483908
84	113.485148
85	113.486095
86	113.486803
87	113.487315
88	113.487661
89	113.487861
90	113.487927
91	113.487861
92	113.487661
93	113.487315
94	113.486803
95	113.486095
96	113.485148
97	113.483908
98	113.482300
99	113.480228
100	113.477570
101	113.474166
102	113.469810
103	113.464236
104	113.457102
105	113.447960
106	113.436231
107	113.421150
108	113.401713
109	113.376576
110	113.343935
111	113.301332
112	113.245368
113	113.171272
114	113.072216
115	112.938182
116	112.753952
117	112.495025
118	112.117972
119	111.534536
120	110.540275
121	108.651829
122	105.000955
123	99.299285
124	93.597345
125	89.945647
126	88.055772
127	87.059394
128	86.473027
129	86.092055
130	85.827986
131	85.637083
132	85.494442
133	85.384319
134	85.296014
135	85.221811
136	85.155778
137	85.092994
138	85.028988
139	84.959272
140	84.878895
141	84.781930
142	84.660819
143	84.505435
144	84.301672
145	84.029147
146	83.657152
147	83.136469
148	82.380074
149	81.211315
150	79.221198
151	75.442906
152	68.139871
153	56.735278
154	45.330106
155	38.025297
156	34.243929
157	32.249243
158	31.074139
159	30.309222
160	29.777296
161	29.390603
162	29.098941
163	28.870277
164	28.682438
165	28.518868
166	28.366054
167	28.211671
168	28.042969
169	27.844986
170	27.598016
171	27.273090
172	26.821860
173	26.150141
174	25.045775
175	23.014702
176	19.172937
177	13.207207
178	7.124303
179	2.886245
180	0.000000
181	-2.886245
182	-7.124303
183	-13.207207
184	-19.172937
185	-23.014702
186	-25.045775
187	-26.150141
188	-26.821860
189	-27.273090
190	-27.598016
191	-27.844986
192	-28.042969
193	-28.211671
194	-28.366054
195	-28.518868
196	-28.682438
197	-28.870277
198	-29.098941
199	-29.390603
200	-29.777296
201	-30.309222
202	-31.074139
203	-32.249243
204	-34.243929
205	-38.025297
206	-45.330106
207	-56.735278
208	-68.139871
209	-75.442906
210	-79.221198
211	-81.211315
212	-82.380074
213	-83.136469
214	-83.657152
215	-84.029147
216	-84.301672
217	-84.505435
218	-84.660819
219	-84.781930
220	-84.878895
221	-84.959272
222	-85.028988
223	-85.092994
224	-85.155778
225	-85.221811
226	-85.296014
227	-85.384319
228	-85.494442
229	-85.637083
230	-85.827986
231	-86.092055
232	-86.473027
233	-87.059394
234	-88.055772
235	-89.945647
236	-93.597345
237	-99.299285
238	-105.000955
239	-108.651829
240	-110.540275
241	-111.534536
242	-112.117972
243	-112.495025
244	-112.753952
245	-112.938182
246	-113.072216
247	-113.171272
248	-113.245368
249	-113.301332
250	-113.343935
251	-113.376576
252	-113.401713
253	-113.421150
254	-113.436231
255	-113.447960
256	-113.457102
257	-113.464236
258	-113.469810
259	-113.474166
260	-113.477570
261	-113.480228
262	-113.482300
263	-113.483908
264	-113.485148
265	-113.486095
266	-113.486803
267	-113.487315
268	-113.487661
269	-113.487861
270	-113.487927
271	-113.487861
272	-113.487661
273	-113.487315
274	-113.486803
275	-113.486095
276	-113.485148
277	-113.483908
278	-113.482300
279	-113.480228
280	-113.477570
281	-113.474166
282	-113.469810
283	-113.464236
284	-113.457102
285	-113.447960
286	-113.436231
287	-113.421150
288	-113.401713
289	-113.376576
290	-113.343935
291	-113.301332
292	-113.245368
293	-113.171272
294	-113.072216
295	-112.938182
296	-112.753952
297	-112.495025
298	-112.117972
299	-111.534536
300	-110.540275
301	-108.651829
302	-105.000955
303	-99.299285
304	-93.597345
305	-89.945647
306	-88.055772
307	-87.059394
308	-86.473027
309	-86.092055
310	-85.827986
311	-85.637083
312	-85.494442
313	-85.384319
314	-85.296014
315	-85.221811
316	-85.155778
317	-85.092994
318	-85.028988
319	-84.959272
320	-84.878895
321	-84.781930
322	-84.660819
323	-84.505435
324	-84.301672
325	-84.029147
326	-83.657152
327	-83.136469
328	-82.380074
329	-81.211315
330	-79.221198
331	-75.442906
332	-68.139871
333	-56.735278
334	-45.330106
335	-38.025297
336	-34.243929
337	-32.249243
338	-31.074139
339	-30.309222
340	-29.777296
341	-29.390603
342	-29.098941
343	-28.870277
344	-28.682438
345	-28.518868
346	-28.366054
347	-28.211671
348	-28.042969
349	-27.844986
350	-27.598016
351	-27.273090
352	-26.821860
353	-26.150141
354	-25.045775
355	-23.014702
356	-19.172937
357	-13.207207
358	-7.124303
359	-2.886245
360	0.000000
Phase Voltage ea
0	110.540275
1	114.420781
2	119.242274
3	125.702232
4	131.926889
5	135.952884
6	138.117990
7	139.321413
8	140.067228
9	140.574421
10	140.941951
11	141.221562
12	141.444682
13	141.632821
14	141.802284
15	141.966829
16	142.139539
17	142.334513
18	142.568750
19	142.864768
20	143.254866
21	143.789450
22	144.556439
23	145.733151
24	147.729078
25	151.511393
26	158.816909
27	170.222593
28	181.627532
29	188.930767
30	192.709124
31	194.699176
32	195.867735
33	196.623785
34	197.143955
35	197.515242
36	197.786820
37	197.989343
38	198.143118
39	198.262158
40	198.356465
41	198.433438
42	198.498798
43	198.557230
44	198.612879
45	198.669771
46	198.732245
47	198.805469
48	198.896155
49	199.013659
50	199.171921
51	199.393387
52	199.718395
53	200.230666
54	201.127988
55	202.883829
56	206.351297
57	211.794310
58	217.118927
59	220.186364
60	221.080550
61	220.186364
62	217.118927
63	211.794310
64	206.351297
65	202.883829
66	201.127988
67	200.230666
68	199.718395
69	199.393387
70	199.171921
71	199.013659
72	198.896155
73	198.805469
74	198.732245
75	198.669771
76	198.612879
77	198.557230
78	198.498798
79	198.433438
80	198.356465
81	198.262158
82	198.143118
83	197.989343
84	197.786820
85	197.515242
86	197.143955
87	196.623785
88	195.867735
89	194.699176
90	192.709124
91	188.930767
92	181.627532
93	170.222593
94	158.816909
95	151.511393
96	147.729078
97	145.733151
98	144.556439
99	143.789450
100	143.254866
101	142.864768
102	142.568750
103	142.334513
104	142.139539
105	141.966829
106	141.802284
107	141.632821
108	141.444682
109	141.221562
110	140.941951
111	140.574421
112	140.067228
113	139.321413
114	138.117990
115	135.952884
116	131.926889
117	125.702232
118	119.242274
119	114.420781
120	110.540275
121	105.765584
122	97.876652
123	86.092078
124	74.424408
125	66.930945
126	63.009998
127	60.909253
128	59.651167
129	58.818965
130	58.229970
131	57.792097
132	57.451473
133	57.172648
134	56.929961
135	56.702943
136	56.473340
137	56.222717
138	55.930047
139	55.568670
140	55.101599
141	54.472708
142	53.586680
143	52.256192
144	50.057742
145	46.003850
146	38.327046
147	26.401191
148	14.240203
149	5.768410
150	0.000000
151	-5.768410
152	-14.240203
153	-26.401191
154	-38.327046
155	-46.003850
156	-50.057742
157	-52.256192
158	-53.586680
159	-54.472708
160	-55.101599
161	-55.568670
162	-55.930047
163	-56.222717
164	-56.473340
165	-56.702943
166	-56.929961
167	-57.172648
168	-57.451473
169	-57.792097
170	-58.229970
171	-58.818965
172	-59.651167
173	-60.909253
174	-63.009998
175	-66.930945
176	-74.424408
177	-86.092078
178	-97.876652
179	-105.765584
180	-110.540275
181	-114.420781
182	-119.242274
183	-125.702232
184	-131.926889
185	-135.952884
186	-138.117990
187	-139.321413
188	-140.067228
189	-140.574421
190	-140.941951
191	-141.221562
192	-141.444682
193	-141.632821
194	-141.802284
195	-141.966829
196	-142.139539
197	-142.334513
198	-142.568750
199	-142.864768
200	-143.254866
201	-143.789450
202	-144.556439
203	-145.733151
204	-147.729078
205	-151.511393
206	-158.816909
207	-170.222593
208	-181.627532
209	-188.930767
210	-192.709124
211	-194.699176
212	-195.867735
213	-196.623785
214	-197.143955
215	-197.515242
216	-197.786820
217	-197.989343
218	-198.143118
219	-198.262158
220	-198.356465
221	-198.433438
222	-198.498798
223	-198.557230
224	-198.612879
225	-198.669771
226	-198.732245
227	-198.805469
228	-198.896155
229	-199.013659
230	-199.171921
231	-199.393387
232	-199.718395
233	-200.230666
234	-201.127988
235	-202.883829
236	-206.351297
237	-211.794310
238	-217.118927
239	-220.186364
240	-221.080550
241	-220.186364
242	-217.118927
243	-211.794310
244	-206.351297
245	-202.883829
246	-201.127988
247	-200.230666
248	-199.718395
249	-199.393387
250	-199.171921
251	-199.013659
252	-198.896155
253	-198.805469
254	-198.732245
255	-198.669771
256	-198.612879
257	-198.557230
258	-198.498798
259	-198.433438
260	-198.356465
261	-198.262158
262	-198.143118
263	-197.989343
264	-197.786820
265	-197.515242
266	-197.143955
267	-196.623785
268	-195.867735
269	-194.699176
270	-192.709124
271	-188.930767
272	-181.627532
273	-170.222593
274	-158.816909
275	-151.511393
276	-147.729078
277	-145.733151
278	-144.556439
279	-143.789450
280	-143.254866
281	-142.864768
282	-142.568750
283	-142.334513
284	-142.139539
285	-141.966829
286	-141.802284
287	-141.632821
288	-141.444682
289	-141.221562
290	-140.941951
291	-140.574421
292	-140.067228
293	-139.321413
294	-138.117990
295	-135.952884
296	-131.926889
297	-125.702232
298	-119.242274
299	-114.420781
300	-110.540275
301	-105.765584
302	-97.876652
303	-86.092078
304	-74.424408
305	-66.930945
306	-63.009998
307	-60.909253
308	-59.651167
309	-58.818965
310	-58.229970
311	-57.792097
312	-57.451473
313	-57.172648
314	-56.929961
315	-56.702943
316	-56.473340
317	-56.222717
318	-55.930047
319	-55.568670
320	-55.101599
321	-54.472708
322	-53.586680
323	-52.256192
324	-50.057742
325	-46.003850
326	-38.327046
327	-26.401191
328	-14.240203
329	-5.768410
330	0.000000
331	5.768410
332	14.240203
333	26.401191
334	38.327046
335	46.003850
336	50.057742
337	52.256192
338	53.586680
339	54.472708
340	55.101599
341	55.568670
342	55.930047
343	56.222717
344	56.473340
345	56.702943
346	56.929961
347	57.172648
348	57.451473
349	57.792097
350	58.229970
351	58.818965
352	59.651167
353	60.909253
354	63.009998
355	66.930945
356	74.424408
357	86.092078
358	97.876652
359	105.765584
360	110.540275
Line Voltage eab
