Winding Currents under Load 
Electric Degree
(Amperes)
0	2.76201
1	2.9345
2	2.73436
3	2.70773
4	2.71577
5	2.73483
6	2.75848
7	2.78425
8	2.81104
9	2.8383
10	2.86573
11	2.89316
12	2.92045
13	2.94754
14	2.97437
15	3.0009
16	3.02713
17	3.05305
18	3.07866
19	3.10398
20	3.12905
21	3.15391
22	3.17864
23	3.20332
24	3.2281
25	3.25316
26	3.27878
27	3.30537
28	3.33358
29	3.36456
29	1.93314e-11
30	0.447333
31	0.885254
32	1.3079
33	1.71315
34	1.96118
35	2.02395
36	2.0744
37	2.12353
38	2.17169
39	2.21896
40	2.26539
41	2.31101
42	2.35582
43	2.39983
44	2.44303
45	2.48539
46	2.52688
47	2.56745
48	2.60702
49	2.64552
50	2.6828
51	2.71868
52	2.75285
53	2.78477
54	2.81333
55	2.83613
56	2.84831
57	2.84433
58	2.82456
59	2.79553
60	2.7635
61	2.73361
62	2.71202
63	2.70507
64	2.71321
65	2.73229
66	2.75596
67	2.78175
68	2.80855
69	2.83583
70	2.86328
71	2.89073
72	2.91804
73	2.94514
74	2.97199
75	2.99854
76	3.02479
77	3.05072
78	3.07635
79	3.10169
80	3.12678
81	3.15166
82	3.1764
83	3.20111
84	3.2259
85	3.25098
86	3.27662
87	3.30323
88	3.33146
89	3.36245
89	1.93316e-11
90	0.447338
91	0.885265
92	1.30792
93	1.71321
94	1.9602
95	2.02291
96	2.07335
97	2.12249
98	2.17065
99	2.21792
100	2.26435
101	2.30997
102	2.35478
103	2.3988
104	2.442
105	2.48436
106	2.52585
107	2.56642
108	2.60601
109	2.64451
110	2.6818
111	2.71768
112	2.75185
113	2.78377
114	2.81234
115	2.83514
116	2.84733
117	2.84335
118	2.8236
119	2.79457
120	2.76254
121	2.73266
122	2.71108
123	2.70414
124	2.71229
125	2.73137
126	2.75504
127	2.78084
128	2.80765
129	2.83494
130	2.8624
131	2.88984
132	2.91716
133	2.94427
134	2.97113
135	2.99769
136	3.02394
137	3.04988
138	3.07551
139	3.10086
140	3.12596
141	3.15084
142	3.1756
143	3.2003
144	3.22511
145	3.25019
146	3.27584
147	3.30246
148	3.33069
149	3.36169
149	1.93322e-11
150	0.44734
151	0.88527
152	1.30793
153	1.71323
154	1.95985
155	2.02253
156	2.07297
157	2.12211
158	2.17027
159	2.21754
160	2.26397
161	2.30959
162	2.35441
163	2.39842
164	2.44163
165	2.48399
166	2.52548
167	2.56605
168	2.60564
169	2.64414
170	2.68143
171	2.71731
172	2.75149
173	2.78341
174	2.81199
175	2.83478
176	2.84698
177	2.843
178	2.82325
179	2.79422
180	2.7622
181	2.73232
182	2.71074
183	2.7038
184	2.71195
185	2.73104
186	2.75471
187	2.78051
188	2.80733
189	2.83461
190	2.86207
191	2.88953
192	2.91685
193	2.94396
194	2.97082
195	2.99738
196	3.02363
197	3.04958
198	3.07521
199	3.10056
200	3.12566
201	3.15055
202	3.1753
203	3.20001
204	3.22482
205	3.24991
206	3.27556
207	3.30218
208	3.33042
209	3.36141
209	1.93325e-11
210	0.447341
211	0.885271
212	1.30793
213	1.71324
214	1.95972
215	2.02239
216	2.07284
217	2.12197
218	2.17013
219	2.2174
220	2.26384
221	2.30945
222	2.35427
223	2.39829
224	2.44149
225	2.48386
226	2.52535
227	2.56592
228	2.6055
229	2.64401
230	2.6813
231	2.71718
232	2.75136
233	2.78328
234	2.81186
235	2.83466
236	2.84685
237	2.84287
238	2.82312
239	2.79409
240	2.76207
241	2.73219
242	2.71062
243	2.70368
244	2.71183
245	2.73092
246	2.7546
247	2.78039
248	2.80721
249	2.8345
250	2.86196
251	2.88941
252	2.91673
253	2.94385
254	2.9707
255	2.99727
256	3.02352
257	3.04947
258	3.0751
259	3.10045
260	3.12555
261	3.15044
262	3.1752
263	3.19991
264	3.22472
265	3.24981
266	3.27546
267	3.30208
268	3.33032
269	3.36132
269	1.9333e-11
270	0.447341
271	0.885272
272	1.30793
273	1.71324
274	1.95967
275	2.02234
276	2.07279
277	2.12192
278	2.17008
279	2.21735
280	2.26379
281	2.3094
282	2.35422
283	2.39824
284	2.44144
285	2.48381
286	2.5253
287	2.56587
288	2.60546
289	2.64396
290	2.68125
291	2.71714
292	2.75131
293	2.78323
294	2.81181
295	2.83461
296	2.8468
297	2.84283
298	2.82307
299	2.79405
300	2.76203
301	2.73215
302	2.71057
303	2.70363
304	2.71179
305	2.73087
306	2.75455
307	2.78035
308	2.80717
309	2.83445
310	2.86192
311	2.88937
312	2.91669
313	2.94381
314	2.97066
315	2.99723
316	3.02348
317	3.04943
318	3.07506
319	3.10042
320	3.12551
321	3.1504
322	3.17516
323	3.19987
324	3.22468
325	3.24977
326	3.27542
327	3.30204
328	3.33028
329	3.36128
329	1.93325e-11
330	0.447341
331	0.885272
332	1.30793
333	1.71324
334	1.95966
335	2.02232
336	2.07277
337	2.1219
338	2.17006
339	2.21734
340	2.26377
341	2.30939
342	2.35421
343	2.39822
344	2.44142
345	2.48379
346	2.52528
347	2.56585
348	2.60544
349	2.64394
350	2.68123
351	2.71712
352	2.75129
353	2.78322
354	2.81179
355	2.83459
356	2.84678
357	2.84281
358	2.82306
359	2.79403
360	2.76201
Source Current
0	1.12e-10
1	0.405155
2	-1.65242e-11
3	9.22131e-11
4	8.32476e-11
5	7.74739e-11
6	7.44147e-11
7	7.27454e-11
8	7.17257e-11
9	7.10378e-11
10	7.05409e-11
11	7.01632e-11
12	6.98619e-11
13	6.96086e-11
14	6.93824e-11
15	6.9166e-11
16	6.89437e-11
17	6.86992e-11
18	6.84133e-11
19	6.80612e-11
20	6.76079e-11
21	6.69996e-11
22	6.61438e-11
23	6.4856e-11
24	6.27154e-11
25	5.87337e-11
26	5.1138e-11
27	3.93142e-11
28	2.73588e-11
29	1.93314e-11
30	0.447333
31	0.885254
32	1.3079
33	1.71315
34	1.96118
35	2.02395
36	2.0744
37	2.12353
38	2.17169
39	2.21896
40	2.26539
41	2.31101
42	2.35582
43	2.39983
44	2.44303
45	2.48539
46	2.52688
47	2.56745
48	2.60702
49	2.64552
50	2.6828
51	2.71868
52	2.75285
53	2.78477
54	2.81333
55	2.83613
56	2.84831
57	2.84433
58	2.82456
59	2.79553
60	2.7635
61	2.73361
62	2.71202
63	2.70507
64	2.71321
65	2.73229
66	2.75596
67	2.78175
68	2.80855
69	2.83583
70	2.86328
71	2.89073
72	2.91804
73	2.94514
74	2.97199
75	2.99854
76	3.02479
77	3.05072
78	3.07635
79	3.10169
80	3.12678
81	3.15166
82	3.1764
83	3.20111
84	3.2259
85	3.25098
86	3.27662
87	3.30323
88	3.33146
89	3.36245
90	3.00934
91	2.67715
92	2.35877
93	2.06672
94	1.9602
95	2.02291
96	2.07335
97	2.12249
98	2.17065
99	2.21792
100	2.26435
101	2.30997
102	2.35478
103	2.3988
104	2.442
105	2.48436
106	2.52585
107	2.56642
108	2.60601
109	2.64451
110	2.6818
111	2.71768
112	2.75185
113	2.78377
114	2.81234
115	2.83514
116	2.84733
117	2.84335
118	2.8236
119	2.79457
120	2.76254
121	2.73266
122	2.71108
123	2.70414
124	2.71229
125	2.73137
126	2.75504
127	2.78084
128	2.80765
129	2.83494
130	2.8624
131	2.88984
132	2.91716
133	2.94427
134	2.97113
135	2.99769
136	3.02394
137	3.04988
138	3.07551
139	3.10086
140	3.12596
141	3.15084
142	3.1756
143	3.2003
144	3.22511
145	3.25019
146	3.27584
147	3.30246
148	3.33069
149	3.36169
150	2.56124
151	1.79113
152	1.0501
153	0.352752
154	-7.94896e-11
155	6.02366e-11
156	6.40814e-11
157	6.61321e-11
158	6.73534e-11
159	6.8154e-11
160	6.87127e-11
161	6.91195e-11
162	6.94268e-11
163	6.96684e-11
164	6.98686e-11
165	7.00461e-11
166	7.02168e-11
167	7.03964e-11
168	7.06016e-11
169	7.08532e-11
170	7.11796e-11
171	7.1623e-11
172	7.22548e-11
173	7.32148e-11
174	7.48187e-11
175	7.7802e-11
176	8.34837e-11
177	9.23378e-11
178	1.01383e-10
179	1.07695e-10
180	-1.12e-10
181	-1.07685e-10
182	-1.01338e-10
183	-9.22125e-11
184	-8.32475e-11
185	-7.74739e-11
186	-7.44146e-11
187	-7.27454e-11
188	-7.17257e-11
189	-7.10378e-11
190	-7.0541e-11
191	-7.01633e-11
192	-6.9862e-11
193	-6.96088e-11
194	-6.93825e-11
195	-6.91662e-11
196	-6.89439e-11
197	-6.86994e-11
198	-6.84135e-11
199	-6.80614e-11
200	-6.76082e-11
201	-6.69999e-11
202	-6.61441e-11
203	-6.48564e-11
204	-6.27158e-11
205	-5.87342e-11
206	-5.11385e-11
207	-3.93149e-11
208	-2.73596e-11
209	-1.93323e-11
210	-0.447341
211	-0.885271
212	-1.30793
213	-1.71324
214	-1.95972
215	-2.02239
216	-2.07284
217	-2.12197
218	-2.17013
219	-2.2174
220	-2.26384
221	-2.30945
222	-2.35427
223	-2.39829
224	-2.44149
225	-2.48386
226	-2.52535
227	-2.56592
228	-2.6055
229	-2.64401
230	-2.6813
231	-2.71718
232	-2.75136
233	-2.78328
234	-2.81186
235	-2.83466
236	-2.84685
237	-2.84287
238	-2.82312
239	-2.79409
240	-2.76207
241	-2.73219
242	-2.71062
243	-2.70368
244	-2.71183
245	-2.73092
246	-2.7546
247	-2.78039
248	-2.80721
249	-2.8345
250	-2.86196
251	-2.88941
252	-2.91673
253	-2.94385
254	-2.9707
255	-2.99727
256	-3.02352
257	-3.04947
258	-3.0751
259	-3.10045
260	-3.12555
261	-3.15044
262	-3.1752
263	-3.19991
264	-3.22472
265	-3.24981
266	-3.27546
267	-3.30208
268	-3.33032
269	-3.36132
270	-3.00821
271	-2.67603
272	-2.35766
273	-2.06562
274	-1.95967
275	-2.02234
276	-2.07279
277	-2.12192
278	-2.17008
279	-2.21735
280	-2.26379
281	-2.3094
282	-2.35422
283	-2.39824
284	-2.44144
285	-2.48381
286	-2.5253
287	-2.56587
288	-2.60546
289	-2.64396
290	-2.68125
291	-2.71714
292	-2.75131
293	-2.78323
294	-2.81181
295	-2.83461
296	-2.8468
297	-2.84283
298	-2.82307
299	-2.79405
300	-2.76203
301	-2.73215
302	-2.71057
303	-2.70363
304	-2.71179
305	-2.73087
306	-2.75455
307	-2.78035
308	-2.80717
309	-2.83445
310	-2.86192
311	-2.88937
312	-2.91669
313	-2.94381
314	-2.97066
315	-2.99723
316	-3.02348
317	-3.04943
318	-3.07506
319	-3.10042
320	-3.12551
321	-3.1504
322	-3.17516
323	-3.19987
324	-3.22468
325	-3.24977
326	-3.27542
327	-3.30204
328	-3.33028
329	-3.36128
330	-2.56084
331	-1.79072
332	-1.04969
333	-0.352343
334	7.95965e-11
335	-6.02365e-11
336	-6.40813e-11
337	-6.61321e-11
338	-6.73533e-11
339	-6.81539e-11
340	-6.87126e-11
341	-6.91195e-11
342	-6.94267e-11
343	-6.96683e-11
344	-6.98685e-11
345	-7.0046e-11
346	-7.02168e-11
347	-7.03963e-11
348	-7.06015e-11
349	-7.08532e-11
350	-7.11795e-11
351	-7.16229e-11
352	-7.22547e-11
353	-7.32148e-11
354	-7.48186e-11
355	-7.7802e-11
356	-8.34836e-11
357	-9.23378e-11
358	-1.01383e-10
359	-1.07695e-10
360	1.12e-10
Phase Current ia
0	-2.76201
1	-2.9345
2	-2.73436
3	-2.70773
4	-2.71577
5	-2.73483
6	-2.75848
7	-2.78425
8	-2.81104
9	-2.8383
10	-2.86573
11	-2.89316
12	-2.92045
13	-2.94754
14	-2.97437
15	-3.0009
16	-3.02713
17	-3.05305
18	-3.07866
19	-3.10398
20	-3.12905
21	-3.15391
22	-3.17864
23	-3.20332
24	-3.2281
25	-3.25316
26	-3.27878
27	-3.30537
28	-3.33358
29	-3.36456
30	-3.01143
31	-2.67923
32	-2.36085
33	-2.06876
34	-1.96118
35	-2.02395
36	-2.0744
37	-2.12353
38	-2.17169
39	-2.21896
40	-2.26539
41	-2.31101
42	-2.35582
43	-2.39983
44	-2.44303
45	-2.48539
46	-2.52688
47	-2.56745
48	-2.60702
49	-2.64552
50	-2.6828
51	-2.71868
52	-2.75285
53	-2.78477
54	-2.81333
55	-2.83613
56	-2.84831
57	-2.84433
58	-2.82456
59	-2.79553
60	-2.7635
61	-2.73361
62	-2.71202
63	-2.70507
64	-2.71321
65	-2.73229
66	-2.75596
67	-2.78175
68	-2.80855
69	-2.83583
70	-2.86328
71	-2.89073
72	-2.91804
73	-2.94514
74	-2.97199
75	-2.99854
76	-3.02479
77	-3.05072
78	-3.07635
79	-3.10169
80	-3.12678
81	-3.15166
82	-3.1764
83	-3.20111
84	-3.2259
85	-3.25098
86	-3.27662
87	-3.30323
88	-3.33146
89	-3.36245
90	-2.562
91	-1.79189
92	-1.05085
93	-0.353511
94	7.92917e-11
95	-6.02368e-11
96	-6.40816e-11
97	-6.61323e-11
98	-6.73536e-11
99	-6.81541e-11
100	-6.87128e-11
101	-6.91197e-11
102	-6.94269e-11
103	-6.96685e-11
104	-6.98687e-11
105	-7.00462e-11
106	-7.0217e-11
107	-7.03965e-11
108	-7.06016e-11
109	-7.08533e-11
110	-7.11797e-11
111	-7.1623e-11
112	-7.22549e-11
113	-7.32149e-11
114	-7.48187e-11
115	-7.78021e-11
116	-8.34837e-11
117	-9.23378e-11
118	-1.01383e-10
119	-1.07695e-10
120	1.12e-10
121	1.07685e-10
122	1.01338e-10
123	9.22125e-11
124	8.32475e-11
125	7.74739e-11
126	7.44146e-11
127	7.27454e-11
128	7.17257e-11
129	7.10378e-11
130	7.0541e-11
131	7.01632e-11
132	6.9862e-11
133	6.96088e-11
134	6.93825e-11
135	6.91661e-11
136	6.89439e-11
137	6.86994e-11
138	6.84135e-11
139	6.80614e-11
140	6.76082e-11
141	6.69999e-11
142	6.61441e-11
143	6.48564e-11
144	6.27158e-11
145	5.87341e-11
146	5.11384e-11
147	3.93148e-11
148	2.73596e-11
149	1.93322e-11
150	0.44734
151	0.88527
152	1.30793
153	1.71323
154	1.95985
155	2.02253
156	2.07297
157	2.12211
158	2.17027
159	2.21754
160	2.26397
161	2.30959
162	2.35441
163	2.39842
164	2.44163
165	2.48399
166	2.52548
167	2.56605
168	2.60564
169	2.64414
170	2.68143
171	2.71731
172	2.75149
173	2.78341
174	2.81199
175	2.83478
176	2.84698
177	2.843
178	2.82325
179	2.79422
180	2.7622
181	2.73232
182	2.71074
183	2.7038
184	2.71195
185	2.73104
186	2.75471
187	2.78051
188	2.80733
189	2.83461
190	2.86207
191	2.88953
192	2.91685
193	2.94396
194	2.97082
195	2.99738
196	3.02363
197	3.04958
198	3.07521
199	3.10056
200	3.12566
201	3.15055
202	3.1753
203	3.20001
204	3.22482
205	3.24991
206	3.27556
207	3.30218
208	3.33042
209	3.36141
210	3.00831
211	2.67613
212	2.35775
213	2.06571
214	1.95972
215	2.02239
216	2.07284
217	2.12197
218	2.17013
219	2.2174
220	2.26384
221	2.30945
222	2.35427
223	2.39829
224	2.44149
225	2.48386
226	2.52535
227	2.56592
228	2.6055
229	2.64401
230	2.6813
231	2.71718
232	2.75136
233	2.78328
234	2.81186
235	2.83466
236	2.84685
237	2.84287
238	2.82312
239	2.79409
240	2.76207
241	2.73219
242	2.71062
243	2.70368
244	2.71183
245	2.73092
246	2.7546
247	2.78039
248	2.80721
249	2.8345
250	2.86196
251	2.88941
252	2.91673
253	2.94385
254	2.9707
255	2.99727
256	3.02352
257	3.04947
258	3.0751
259	3.10045
260	3.12555
261	3.15044
262	3.1752
263	3.19991
264	3.22472
265	3.24981
266	3.27546
267	3.30208
268	3.33032
269	3.36132
270	2.56087
271	1.79076
272	1.04972
273	0.352379
274	-7.95871e-11
275	6.02365e-11
276	6.40813e-11
277	6.61321e-11
278	6.73533e-11
279	6.81539e-11
280	6.87126e-11
281	6.91195e-11
282	6.94267e-11
283	6.96683e-11
284	6.98686e-11
285	7.0046e-11
286	7.02168e-11
287	7.03963e-11
288	7.06015e-11
289	7.08532e-11
290	7.11795e-11
291	7.16229e-11
292	7.22547e-11
293	7.32148e-11
294	7.48186e-11
295	7.7802e-11
296	8.34836e-11
297	9.23378e-11
298	1.01383e-10
299	1.07695e-10
300	-1.12e-10
301	-1.07685e-10
302	-1.01338e-10
303	-9.22125e-11
304	-8.32475e-11
305	-7.74739e-11
306	-7.44146e-11
307	-7.27454e-11
308	-7.17257e-11
309	-7.10378e-11
310	-7.0541e-11
311	-7.01633e-11
312	-6.9862e-11
313	-6.96088e-11
314	-6.93825e-11
315	-6.91662e-11
316	-6.89439e-11
317	-6.86994e-11
318	-6.84135e-11
319	-6.80615e-11
320	-6.76082e-11
321	-6.7e-11
322	-6.61441e-11
323	-6.48564e-11
324	-6.27158e-11
325	-5.87342e-11
326	-5.11385e-11
327	-3.93149e-11
328	-2.73597e-11
329	-1.93324e-11
330	-0.447341
331	-0.885272
332	-1.30793
333	-1.71324
334	-1.95966
335	-2.02232
336	-2.07277
337	-2.1219
338	-2.17006
339	-2.21734
340	-2.26377
341	-2.30939
342	-2.35421
343	-2.39822
344	-2.44142
345	-2.48379
346	-2.52528
347	-2.56585
348	-2.60544
349	-2.64394
350	-2.68123
351	-2.71712
352	-2.75129
353	-2.78322
354	-2.81179
355	-2.83459
356	-2.84678
357	-2.84281
358	-2.82306
359	-2.79403
360	-2.76201
Phase Current ib
0	2.76201
1	2.52935
2	2.73436
3	2.70773
4	2.71577
5	2.73483
6	2.75848
7	2.78425
8	2.81104
9	2.8383
10	2.86573
11	2.89316
12	2.92045
13	2.94754
14	2.97437
15	3.0009
16	3.02713
17	3.05305
18	3.07866
19	3.10398
20	3.12905
21	3.15391
22	3.17864
23	3.20332
24	3.2281
25	3.25316
26	3.27878
27	3.30537
28	3.33358
29	3.36456
30	2.56409
31	1.79398
32	1.05294
33	0.355605
34	-7.8745e-11
35	6.02371e-11
36	6.40825e-11
37	6.61329e-11
38	6.73537e-11
39	6.81548e-11
40	6.87135e-11
41	6.91194e-11
42	6.94271e-11
43	6.96687e-11
44	6.98694e-11
45	7.00462e-11
46	7.02167e-11
47	7.0397e-11
48	7.06009e-11
49	7.08527e-11
50	7.11808e-11
51	7.16223e-11
52	7.22551e-11
53	7.32161e-11
54	7.48184e-11
55	7.78027e-11
56	8.34839e-11
57	9.23372e-11
58	1.01384e-10
59	1.07695e-10
60	-1.11999e-10
61	-1.07685e-10
62	-1.01338e-10
63	-9.22125e-11
64	-8.32481e-11
65	-7.74731e-11
66	-7.44138e-11
67	-7.27454e-11
68	-7.17257e-11
69	-7.10383e-11
70	-7.054e-11
71	-7.01634e-11
72	-6.98623e-11
73	-6.96097e-11
74	-6.93818e-11
75	-6.91665e-11
76	-6.89435e-11
77	-6.87002e-11
78	-6.84142e-11
79	-6.80616e-11
80	-6.76086e-11
81	-6.70002e-11
82	-6.61449e-11
83	-6.48566e-11
84	-6.27156e-11
85	-5.8733e-11
86	-5.11382e-11
87	-3.93148e-11
88	-2.73581e-11
89	-1.93316e-11
90	-0.447338
91	-0.885265
92	-1.30792
93	-1.71321
94	-1.9602
95	-2.02291
96	-2.07335
97	-2.12249
98	-2.17065
99	-2.21792
100	-2.26435
101	-2.30997
102	-2.35478
103	-2.3988
104	-2.442
105	-2.48436
106	-2.52585
107	-2.56642
108	-2.60601
109	-2.64451
110	-2.6818
111	-2.71768
112	-2.75185
113	-2.78377
114	-2.81234
115	-2.83514
116	-2.84733
117	-2.84335
118	-2.8236
119	-2.79457
120	-2.76254
121	-2.73266
122	-2.71108
123	-2.70414
124	-2.71229
125	-2.73137
126	-2.75504
127	-2.78084
128	-2.80765
129	-2.83494
130	-2.8624
131	-2.88984
132	-2.91716
133	-2.94427
134	-2.97113
135	-2.99769
136	-3.02394
137	-3.04988
138	-3.07551
139	-3.10086
140	-3.12596
141	-3.15084
142	-3.1756
143	-3.2003
144	-3.22511
145	-3.25019
146	-3.27584
147	-3.30246
148	-3.33069
149	-3.36169
150	-3.00858
151	-2.6764
152	-2.35802
153	-2.06598
154	-1.95985
155	-2.02253
156	-2.07297
157	-2.12211
158	-2.17027
159	-2.21754
160	-2.26397
161	-2.30959
162	-2.35441
163	-2.39842
164	-2.44163
165	-2.48399
166	-2.52548
167	-2.56605
168	-2.60564
169	-2.64414
170	-2.68143
171	-2.71731
172	-2.75149
173	-2.78341
174	-2.81199
175	-2.83478
176	-2.84698
177	-2.843
178	-2.82325
179	-2.79422
180	-2.7622
181	-2.73232
182	-2.71074
183	-2.7038
184	-2.71195
185	-2.73104
186	-2.75471
187	-2.78051
188	-2.80733
189	-2.83461
190	-2.86207
191	-2.88953
192	-2.91685
193	-2.94396
194	-2.97082
195	-2.99738
196	-3.02363
197	-3.04958
198	-3.07521
199	-3.10056
200	-3.12566
201	-3.15055
202	-3.1753
203	-3.20001
204	-3.22482
205	-3.24991
206	-3.27556
207	-3.30218
208	-3.33042
209	-3.36141
210	-2.56097
211	-1.79086
212	-1.04982
213	-0.352478
214	7.95615e-11
215	-6.02367e-11
216	-6.40816e-11
217	-6.61324e-11
218	-6.73532e-11
219	-6.81539e-11
220	-6.8713e-11
221	-6.91189e-11
222	-6.94267e-11
223	-6.96687e-11
224	-6.98686e-11
225	-7.00462e-11
226	-7.02176e-11
227	-7.03961e-11
228	-7.06013e-11
229	-7.08522e-11
230	-7.11791e-11
231	-7.16214e-11
232	-7.22551e-11
233	-7.32157e-11
234	-7.48184e-11
235	-7.78018e-11
236	-8.34834e-11
237	-9.23377e-11
238	-1.01383e-10
239	-1.07694e-10
240	1.12e-10
241	1.07685e-10
242	1.01338e-10
243	9.22129e-11
244	8.32476e-11
245	7.74731e-11
246	7.44143e-11
247	7.27454e-11
248	7.17266e-11
249	7.10378e-11
250	7.05418e-11
251	7.01639e-11
252	6.98619e-11
253	6.96083e-11
254	6.93823e-11
255	6.9166e-11
256	6.89435e-11
257	6.87002e-11
258	6.84142e-11
259	6.80616e-11
260	6.76086e-11
261	6.70002e-11
262	6.6144e-11
263	6.4857e-11
264	6.27156e-11
265	5.87339e-11
266	5.114e-11
267	3.93148e-11
268	2.73599e-11
269	1.9333e-11
270	0.447341
271	0.885272
272	1.30793
273	1.71324
274	1.95967
275	2.02234
276	2.07279
277	2.12192
278	2.17008
279	2.21735
280	2.26379
281	2.3094
282	2.35422
283	2.39824
284	2.44144
285	2.48381
286	2.5253
287	2.56587
288	2.60546
289	2.64396
290	2.68125
291	2.71714
292	2.75131
293	2.78323
294	2.81181
295	2.83461
296	2.8468
297	2.84283
298	2.82307
299	2.79405
300	2.76203
301	2.73215
302	2.71057
303	2.70363
304	2.71179
305	2.73087
306	2.75455
307	2.78035
308	2.80717
309	2.83445
310	2.86192
311	2.88937
312	2.91669
313	2.94381
314	2.97066
315	2.99723
316	3.02348
317	3.04943
318	3.07506
319	3.10042
320	3.12551
321	3.1504
322	3.17516
323	3.19987
324	3.22468
325	3.24977
326	3.27542
327	3.30204
328	3.33028
329	3.36128
330	3.00818
331	2.676
332	2.35762
333	2.06558
334	1.95966
335	2.02232
336	2.07277
337	2.1219
338	2.17006
339	2.21734
340	2.26377
341	2.30939
342	2.35421
343	2.39822
344	2.44142
345	2.48379
346	2.52528
347	2.56585
348	2.60544
349	2.64394
350	2.68123
351	2.71712
352	2.75129
353	2.78322
354	2.81179
355	2.83459
356	2.84678
357	2.84281
358	2.82306
359	2.79403
360	2.76201
Phase Current ic
