Induced Coil Voltages at Rated Speed
Electric Degree
(Volts)
0	0.000000
1	-0.000023
2	-0.000048
3	-0.000075
4	-0.000106
5	-0.000144
6	-0.000191
7	-0.000249
8	-0.000322
9	-0.000415
10	-0.000533
11	-0.000684
12	-0.000879
13	-0.001130
14	-0.001456
15	-0.001881
16	-0.002439
17	-0.003178
18	-0.004165
19	-0.005502
20	-0.007339
21	-0.009921
22	-0.013681
23	-0.019500
24	-0.029419
25	-0.048260
26	-0.084690
27	-0.141586
28	-0.198481
29	-0.234911
30	-0.253753
31	-0.263671
32	-0.269490
33	-0.273251
34	-0.275833
35	-0.277669
36	-0.279006
37	-0.279993
38	-0.280732
39	-0.281290
40	-0.281714
41	-0.282040
42	-0.282290
43	-0.282484
44	-0.282634
45	-0.282751
46	-0.282843
47	-0.282914
48	-0.282970
49	-0.283013
50	-0.283047
51	-0.283074
52	-0.283095
53	-0.283111
54	-0.283124
55	-0.283135
56	-0.283143
57	-0.283149
58	-0.283154
59	-0.283158
60	-0.283161
61	-0.283163
62	-0.283165
63	-0.283166
64	-0.283167
65	-0.283168
66	-0.283169
67	-0.283170
68	-0.283170
69	-0.283170
70	-0.283171
71	-0.283171
72	-0.283171
73	-0.283171
74	-0.283171
75	-0.283171
76	-0.283171
77	-0.283172
78	-0.283172
79	-0.283172
80	-0.283172
81	-0.283172
82	-0.283172
83	-0.283172
84	-0.283172
85	-0.283172
86	-0.283172
87	-0.283172
88	-0.283172
89	-0.283172
90	-0.283172
91	-0.283172
92	-0.283172
93	-0.283172
94	-0.283172
95	-0.283172
96	-0.283172
97	-0.283172
98	-0.283172
99	-0.283172
100	-0.283172
101	-0.283172
102	-0.283172
103	-0.283172
104	-0.283171
105	-0.283171
106	-0.283171
107	-0.283171
108	-0.283171
109	-0.283171
110	-0.283171
111	-0.283170
112	-0.283170
113	-0.283170
114	-0.283169
115	-0.283168
116	-0.283167
117	-0.283166
118	-0.283165
119	-0.283163
120	-0.283161
121	-0.283158
122	-0.283154
123	-0.283149
124	-0.283143
125	-0.283135
126	-0.283124
127	-0.283111
128	-0.283095
129	-0.283074
130	-0.283047
131	-0.283013
132	-0.282970
133	-0.282914
134	-0.282843
135	-0.282751
136	-0.282634
137	-0.282484
138	-0.282290
139	-0.282040
140	-0.281714
141	-0.281290
142	-0.280732
143	-0.279993
144	-0.279006
145	-0.277669
146	-0.275833
147	-0.273251
148	-0.269490
149	-0.263671
150	-0.253753
151	-0.234911
152	-0.198481
153	-0.141586
154	-0.084690
155	-0.048260
156	-0.029419
157	-0.019500
158	-0.013681
159	-0.009921
160	-0.007339
161	-0.005502
162	-0.004165
163	-0.003178
164	-0.002439
165	-0.001881
166	-0.001456
167	-0.001130
168	-0.000879
169	-0.000684
170	-0.000533
171	-0.000415
172	-0.000322
173	-0.000249
174	-0.000191
175	-0.000144
176	-0.000106
177	-0.000075
178	-0.000048
179	-0.000023
180	0.000000
181	0.000023
182	0.000048
183	0.000075
184	0.000106
185	0.000144
186	0.000191
187	0.000249
188	0.000322
189	0.000415
190	0.000533
191	0.000684
192	0.000879
193	0.001130
194	0.001456
195	0.001881
196	0.002439
197	0.003178
198	0.004165
199	0.005502
200	0.007339
201	0.009921
202	0.013681
203	0.019500
204	0.029419
205	0.048260
206	0.084690
207	0.141586
208	0.198481
209	0.234911
210	0.253753
211	0.263671
212	0.269490
213	0.273251
214	0.275833
215	0.277669
216	0.279006
217	0.279993
218	0.280732
219	0.281290
220	0.281714
221	0.282040
222	0.282290
223	0.282484
224	0.282634
225	0.282751
226	0.282843
227	0.282914
228	0.282970
229	0.283013
230	0.283047
231	0.283074
232	0.283095
233	0.283111
234	0.283124
235	0.283135
236	0.283143
237	0.283149
238	0.283154
239	0.283158
240	0.283161
241	0.283163
242	0.283165
243	0.283166
244	0.283167
245	0.283168
246	0.283169
247	0.283170
248	0.283170
249	0.283170
250	0.283171
251	0.283171
252	0.283171
253	0.283171
254	0.283171
255	0.283171
256	0.283171
257	0.283172
258	0.283172
259	0.283172
260	0.283172
261	0.283172
262	0.283172
263	0.283172
264	0.283172
265	0.283172
266	0.283172
267	0.283172
268	0.283172
269	0.283172
270	0.283172
271	0.283172
272	0.283172
273	0.283172
274	0.283172
275	0.283172
276	0.283172
277	0.283172
278	0.283172
279	0.283172
280	0.283172
281	0.283172
282	0.283172
283	0.283172
284	0.283171
285	0.283171
286	0.283171
287	0.283171
288	0.283171
289	0.283171
290	0.283171
291	0.283170
292	0.283170
293	0.283170
294	0.283169
295	0.283168
296	0.283167
297	0.283166
298	0.283165
299	0.283163
300	0.283161
301	0.283158
302	0.283154
303	0.283149
304	0.283143
305	0.283135
306	0.283124
307	0.283111
308	0.283095
309	0.283074
310	0.283047
311	0.283013
312	0.282970
313	0.282914
314	0.282843
315	0.282751
316	0.282634
317	0.282484
318	0.282290
319	0.282040
320	0.281714
321	0.281290
322	0.280732
323	0.279993
324	0.279006
325	0.277669
326	0.275833
327	0.273251
328	0.269490
329	0.263671
330	0.253753
331	0.234911
332	0.198481
333	0.141586
334	0.084690
335	0.048260
336	0.029419
337	0.019500
338	0.013681
339	0.009921
340	0.007339
341	0.005502
342	0.004165
343	0.003178
344	0.002439
345	0.001881
346	0.001456
347	0.001130
348	0.000879
349	0.000684
350	0.000533
351	0.000415
352	0.000322
353	0.000249
354	0.000191
355	0.000144
356	0.000106
357	0.000075
358	0.000048
359	0.000023
360	-0.000000
One-Conductor Voltage
0	0.253753
1	0.234888
2	0.198434
3	0.141511
4	0.084584
5	0.048116
6	0.029228
7	0.019251
8	0.013359
9	0.009506
10	0.006806
11	0.004818
12	0.003287
13	0.002048
14	0.000983
15	0.000000
16	-0.000983
17	-0.002048
18	-0.003287
19	-0.004818
20	-0.006806
21	-0.009506
22	-0.013359
23	-0.019251
24	-0.029228
25	-0.048116
26	-0.084584
27	-0.141511
28	-0.198434
29	-0.234888
30	-0.253753
31	-0.263694
32	-0.269538
33	-0.273325
34	-0.275939
35	-0.277814
36	-0.279197
37	-0.280242
38	-0.281054
39	-0.281705
40	-0.282247
41	-0.282724
42	-0.283169
43	-0.283614
44	-0.284090
45	-0.284632
46	-0.285281
47	-0.286092
48	-0.287135
49	-0.288515
50	-0.290386
51	-0.292995
52	-0.296776
53	-0.302612
54	-0.312543
55	-0.331395
56	-0.367833
57	-0.424735
58	-0.481635
59	-0.518069
60	-0.536913
61	-0.546834
62	-0.552655
63	-0.556417
64	-0.559000
65	-0.560838
66	-0.562175
67	-0.563163
68	-0.563902
69	-0.564460
70	-0.564885
71	-0.565211
72	-0.565461
73	-0.565655
74	-0.565806
75	-0.565923
76	-0.566014
77	-0.566085
78	-0.566141
79	-0.566185
80	-0.566219
81	-0.566246
82	-0.566267
83	-0.566283
84	-0.566296
85	-0.566306
86	-0.566314
87	-0.566320
88	-0.566325
89	-0.566329
90	-0.566332
91	-0.566335
92	-0.566337
93	-0.566338
94	-0.566339
95	-0.566340
96	-0.566341
97	-0.566341
98	-0.566342
99	-0.566342
100	-0.566342
101	-0.566342
102	-0.566343
103	-0.566343
104	-0.566343
105	-0.566343
106	-0.566343
107	-0.566343
108	-0.566343
109	-0.566342
110	-0.566342
111	-0.566342
112	-0.566342
113	-0.566341
114	-0.566341
115	-0.566340
116	-0.566339
117	-0.566338
118	-0.566337
119	-0.566335
120	-0.566332
121	-0.566329
122	-0.566325
123	-0.566320
124	-0.566314
125	-0.566306
126	-0.566296
127	-0.566283
128	-0.566267
129	-0.566246
130	-0.566219
131	-0.566185
132	-0.566141
133	-0.566085
134	-0.566014
135	-0.565923
136	-0.565806
137	-0.565655
138	-0.565461
139	-0.565211
140	-0.564885
141	-0.564460
142	-0.563902
143	-0.563163
144	-0.562175
145	-0.560838
146	-0.559000
147	-0.556417
148	-0.552655
149	-0.546834
150	-0.536913
151	-0.518069
152	-0.481635
153	-0.424735
154	-0.367833
155	-0.331395
156	-0.312543
157	-0.302612
158	-0.296776
159	-0.292995
160	-0.290386
161	-0.288515
162	-0.287135
163	-0.286092
164	-0.285281
165	-0.284632
166	-0.284090
167	-0.283614
168	-0.283169
169	-0.282724
170	-0.282247
171	-0.281705
172	-0.281054
173	-0.280242
174	-0.279197
175	-0.277814
176	-0.275939
177	-0.273325
178	-0.269538
179	-0.263694
180	-0.253753
181	-0.234888
182	-0.198434
183	-0.141511
184	-0.084584
185	-0.048116
186	-0.029228
187	-0.019251
188	-0.013359
189	-0.009506
190	-0.006806
191	-0.004818
192	-0.003287
193	-0.002048
194	-0.000983
195	0.000000
196	0.000983
197	0.002048
198	0.003287
199	0.004818
200	0.006806
201	0.009506
202	0.013359
203	0.019251
204	0.029228
205	0.048116
206	0.084584
207	0.141511
208	0.198434
209	0.234888
210	0.253753
211	0.263694
212	0.269538
213	0.273325
214	0.275939
215	0.277814
216	0.279197
217	0.280242
218	0.281054
219	0.281705
220	0.282247
221	0.282724
222	0.283169
223	0.283614
224	0.284090
225	0.284632
226	0.285281
227	0.286092
228	0.287135
229	0.288515
230	0.290386
231	0.292995
232	0.296776
233	0.302612
234	0.312543
235	0.331395
236	0.367833
237	0.424735
238	0.481635
239	0.518069
240	0.536913
241	0.546834
242	0.552655
243	0.556417
244	0.559000
245	0.560838
246	0.562175
247	0.563163
248	0.563902
249	0.564460
250	0.564885
251	0.565211
252	0.565461
253	0.565655
254	0.565806
255	0.565923
256	0.566014
257	0.566085
258	0.566141
259	0.566185
260	0.566219
261	0.566246
262	0.566267
263	0.566283
264	0.566296
265	0.566306
266	0.566314
267	0.566320
268	0.566325
269	0.566329
270	0.566332
271	0.566335
272	0.566337
273	0.566338
274	0.566339
275	0.566340
276	0.566341
277	0.566341
278	0.566342
279	0.566342
280	0.566342
281	0.566342
282	0.566343
283	0.566343
284	0.566343
285	0.566343
286	0.566343
287	0.566343
288	0.566343
289	0.566342
290	0.566342
291	0.566342
292	0.566342
293	0.566341
294	0.566341
295	0.566340
296	0.566339
297	0.566338
298	0.566337
299	0.566335
300	0.566332
301	0.566329
302	0.566325
303	0.566320
304	0.566314
305	0.566306
306	0.566296
307	0.566283
308	0.566267
309	0.566246
310	0.566219
311	0.566185
312	0.566141
313	0.566085
314	0.566014
315	0.565923
316	0.565806
317	0.565655
318	0.565461
319	0.565211
320	0.564885
321	0.564460
322	0.563902
323	0.563163
324	0.562175
325	0.560838
326	0.559000
327	0.556417
328	0.552655
329	0.546834
330	0.536913
331	0.518069
332	0.481635
333	0.424735
334	0.367833
335	0.331395
336	0.312543
337	0.302612
338	0.296776
339	0.292995
340	0.290386
341	0.288515
342	0.287135
343	0.286092
344	0.285281
345	0.284632
346	0.284090
347	0.283614
348	0.283169
349	0.282724
350	0.282247
351	0.281705
352	0.281054
353	0.280242
354	0.279197
355	0.277814
356	0.275939
357	0.273325
358	0.269538
359	0.263694
360	0.253753
One-Turn Voltage
