Air-Gap Flux Density 
Electric Degree
(Tesla)
0	0.000000
1	-0.000068
2	-0.000139
3	-0.000219
4	-0.000312
5	-0.000424
6	-0.000560
7	-0.000731
8	-0.000945
9	-0.001217
10	-0.001563
11	-0.002007
12	-0.002577
13	-0.003314
14	-0.004269
15	-0.005516
16	-0.007153
17	-0.009320
18	-0.012217
19	-0.016136
20	-0.021524
21	-0.029097
22	-0.040125
23	-0.057193
24	-0.086283
25	-0.141543
26	-0.248388
27	-0.415258
28	-0.582127
29	-0.688972
30	-0.744233
31	-0.773323
32	-0.790390
33	-0.801418
34	-0.808991
35	-0.814378
36	-0.818297
37	-0.821194
38	-0.823360
39	-0.824996
40	-0.826242
41	-0.827196
42	-0.827931
43	-0.828499
44	-0.828940
45	-0.829283
46	-0.829551
47	-0.829760
48	-0.829923
49	-0.830051
50	-0.830151
51	-0.830229
52	-0.830291
53	-0.830339
54	-0.830377
55	-0.830407
56	-0.830430
57	-0.830449
58	-0.830463
59	-0.830474
60	-0.830483
61	-0.830490
62	-0.830496
63	-0.830500
64	-0.830503
65	-0.830506
66	-0.830508
67	-0.830510
68	-0.830511
69	-0.830512
70	-0.830513
71	-0.830514
72	-0.830514
73	-0.830514
74	-0.830515
75	-0.830515
76	-0.830515
77	-0.830515
78	-0.830515
79	-0.830516
80	-0.830516
81	-0.830516
82	-0.830516
83	-0.830516
84	-0.830516
85	-0.830516
86	-0.830516
87	-0.830516
88	-0.830516
89	-0.830516
90	-0.830516
91	-0.830516
92	-0.830516
93	-0.830516
94	-0.830516
95	-0.830516
96	-0.830516
97	-0.830516
98	-0.830516
99	-0.830516
100	-0.830516
101	-0.830516
102	-0.830515
103	-0.830515
104	-0.830515
105	-0.830515
106	-0.830515
107	-0.830514
108	-0.830514
109	-0.830514
110	-0.830513
111	-0.830512
112	-0.830511
113	-0.830510
114	-0.830508
115	-0.830506
116	-0.830503
117	-0.830500
118	-0.830496
119	-0.830490
120	-0.830483
121	-0.830474
122	-0.830463
123	-0.830449
124	-0.830430
125	-0.830407
126	-0.830377
127	-0.830339
128	-0.830291
129	-0.830229
130	-0.830151
131	-0.830051
132	-0.829923
133	-0.829760
134	-0.829551
135	-0.829283
136	-0.828940
137	-0.828499
138	-0.827931
139	-0.827196
140	-0.826242
141	-0.824996
142	-0.823360
143	-0.821194
144	-0.818297
145	-0.814378
146	-0.808991
147	-0.801418
148	-0.790390
149	-0.773323
150	-0.744233
151	-0.688972
152	-0.582127
153	-0.415258
154	-0.248388
155	-0.141543
156	-0.086283
157	-0.057193
158	-0.040125
159	-0.029097
160	-0.021524
161	-0.016136
162	-0.012217
163	-0.009320
164	-0.007153
165	-0.005516
166	-0.004269
167	-0.003314
168	-0.002577
169	-0.002007
170	-0.001563
171	-0.001217
172	-0.000945
173	-0.000731
174	-0.000560
175	-0.000424
176	-0.000312
177	-0.000219
178	-0.000139
179	-0.000068
180	0.000000
181	0.000068
182	0.000139
183	0.000219
184	0.000312
185	0.000424
186	0.000560
187	0.000731
188	0.000945
189	0.001217
190	0.001563
191	0.002007
192	0.002577
193	0.003314
194	0.004269
195	0.005516
196	0.007153
197	0.009320
198	0.012217
199	0.016136
200	0.021524
201	0.029097
202	0.040125
203	0.057193
204	0.086283
205	0.141543
206	0.248388
207	0.415258
208	0.582127
209	0.688972
210	0.744233
211	0.773323
212	0.790390
213	0.801418
214	0.808991
215	0.814378
216	0.818297
217	0.821194
218	0.823360
219	0.824996
220	0.826242
221	0.827196
222	0.827931
223	0.828499
224	0.828940
225	0.829283
226	0.829551
227	0.829760
228	0.829923
229	0.830051
230	0.830151
231	0.830229
232	0.830291
233	0.830339
234	0.830377
235	0.830407
236	0.830430
237	0.830449
238	0.830463
239	0.830474
240	0.830483
241	0.830490
242	0.830496
243	0.830500
244	0.830503
245	0.830506
246	0.830508
247	0.830510
248	0.830511
249	0.830512
250	0.830513
251	0.830514
252	0.830514
253	0.830514
254	0.830515
255	0.830515
256	0.830515
257	0.830515
258	0.830515
259	0.830516
260	0.830516
261	0.830516
262	0.830516
263	0.830516
264	0.830516
265	0.830516
266	0.830516
267	0.830516
268	0.830516
269	0.830516
270	0.830516
271	0.830516
272	0.830516
273	0.830516
274	0.830516
275	0.830516
276	0.830516
277	0.830516
278	0.830516
279	0.830516
280	0.830516
281	0.830516
282	0.830515
283	0.830515
284	0.830515
285	0.830515
286	0.830515
287	0.830514
288	0.830514
289	0.830514
290	0.830513
291	0.830512
292	0.830511
293	0.830510
294	0.830508
295	0.830506
296	0.830503
297	0.830500
298	0.830496
299	0.830490
300	0.830483
301	0.830474
302	0.830463
303	0.830449
304	0.830430
305	0.830407
306	0.830377
307	0.830339
308	0.830291
309	0.830229
310	0.830151
311	0.830051
312	0.829923
313	0.829760
314	0.829551
315	0.829283
316	0.828940
317	0.828499
318	0.827931
319	0.827196
320	0.826242
321	0.824996
322	0.823360
323	0.821194
324	0.818297
325	0.814378
326	0.808991
327	0.801418
328	0.790390
329	0.773323
330	0.744233
331	0.688972
332	0.582127
333	0.415258
334	0.248388
335	0.141543
336	0.086283
337	0.057193
338	0.040125
339	0.029097
340	0.021524
341	0.016136
342	0.012217
343	0.009320
344	0.007153
345	0.005516
346	0.004269
347	0.003314
348	0.002577
349	0.002007
350	0.001563
351	0.001217
352	0.000945
353	0.000731
354	0.000560
355	0.000424
356	0.000312
357	0.000219
358	0.000139
359	0.000068
360	-0.000000
Air-Gap Flux Density
