Cogging Torque in Two Teeth
Electric Degree
(N.m)
0	0.022720
1	0.067525
2	0.111583
3	0.154944
4	0.197157
5	0.238233
6	0.278223
7	0.315958
8	0.351203
9	0.384023
10	0.414174
11	0.441547
12	0.466159
13	0.487252
14	0.504774
15	0.518905
16	0.529643
17	0.536875
18	0.540612
19	0.540808
20	0.537624
21	0.531325
22	0.521961
23	0.509536
24	0.494265
25	0.476787
26	0.457317
27	0.436140
28	0.413537
29	0.389688
30	0.364988
31	0.340325
32	0.315847
33	0.291660
34	0.268116
35	0.245341
36	0.223484
37	0.203166
38	0.184369
39	0.166938
40	0.150974
41	0.136383
42	0.122991
43	0.111042
44	0.100408
45	0.090870
46	0.082394
47	0.074844
48	0.068019
49	0.062000
50	0.056679
51	0.051915
52	0.047675
53	0.043878
54	0.040414
55	0.037321
56	0.034546
57	0.032019
58	0.029727
59	0.027631
60	0.025681
61	0.023906
62	0.022279
63	0.020767
64	0.019368
65	0.018062
66	0.016825
67	0.015678
68	0.014608
69	0.013597
70	0.012646
71	0.011743
72	0.010875
73	0.010058
74	0.009284
75	0.008543
76	0.007834
77	0.007151
78	0.006485
79	0.005849
80	0.005237
81	0.004641
82	0.004062
83	0.003494
84	0.002931
85	0.002384
86	0.001848
87	0.001317
88	0.000791
89	0.000266
90	-0.000266
91	-0.000791
92	-0.001317
93	-0.001848
94	-0.002384
95	-0.002931
96	-0.003494
97	-0.004062
98	-0.004641
99	-0.005237
100	-0.005849
101	-0.006485
102	-0.007151
103	-0.007834
104	-0.008543
105	-0.009284
106	-0.010058
107	-0.010875
108	-0.011743
109	-0.012646
110	-0.013597
111	-0.014608
112	-0.015678
113	-0.016825
114	-0.018062
115	-0.019368
116	-0.020767
117	-0.022279
118	-0.023906
119	-0.025681
120	-0.027631
121	-0.029727
122	-0.032019
123	-0.034546
124	-0.037321
125	-0.040414
126	-0.043878
127	-0.047675
128	-0.051915
129	-0.056679
130	-0.062000
131	-0.068019
132	-0.074844
133	-0.082394
134	-0.090870
135	-0.100408
136	-0.111042
137	-0.122991
138	-0.136383
139	-0.150974
140	-0.166938
141	-0.184369
142	-0.203166
143	-0.223484
144	-0.245341
145	-0.268116
146	-0.291660
147	-0.315847
148	-0.340325
149	-0.364988
150	-0.389688
151	-0.413537
152	-0.436140
153	-0.457317
154	-0.476787
155	-0.494265
156	-0.509536
157	-0.521961
158	-0.531325
159	-0.537624
160	-0.540808
161	-0.540612
162	-0.536875
163	-0.529643
164	-0.518905
165	-0.504774
166	-0.487252
167	-0.466159
168	-0.441547
169	-0.414174
170	-0.384023
171	-0.351203
172	-0.315958
173	-0.278223
174	-0.238233
175	-0.197157
176	-0.154944
177	-0.111583
178	-0.067525
179	-0.022720
180	0.022720
181	0.067525
182	0.111583
183	0.154944
184	0.197157
185	0.238233
186	0.278223
187	0.315958
188	0.351203
189	0.384023
190	0.414174
191	0.441547
192	0.466159
193	0.487252
194	0.504774
195	0.518905
196	0.529643
197	0.536875
198	0.540612
199	0.540808
200	0.537624
201	0.531325
202	0.521961
203	0.509536
204	0.494265
205	0.476787
206	0.457317
207	0.436140
208	0.413537
209	0.389688
210	0.364988
211	0.340325
212	0.315847
213	0.291660
214	0.268116
215	0.245341
216	0.223484
217	0.203166
218	0.184369
219	0.166938
220	0.150974
221	0.136383
222	0.122991
223	0.111042
224	0.100408
225	0.090870
226	0.082394
227	0.074844
228	0.068019
229	0.062000
230	0.056679
231	0.051915
232	0.047675
233	0.043878
234	0.040414
235	0.037321
236	0.034546
237	0.032019
238	0.029727
239	0.027631
240	0.025681
241	0.023906
242	0.022279
243	0.020767
244	0.019368
245	0.018062
246	0.016825
247	0.015678
248	0.014608
249	0.013597
250	0.012646
251	0.011743
252	0.010875
253	0.010058
254	0.009284
255	0.008543
256	0.007834
257	0.007151
258	0.006485
259	0.005849
260	0.005237
261	0.004641
262	0.004062
263	0.003494
264	0.002931
265	0.002384
266	0.001848
267	0.001317
268	0.000791
269	0.000266
270	-0.000266
271	-0.000791
272	-0.001317
273	-0.001848
274	-0.002384
275	-0.002931
276	-0.003494
277	-0.004062
278	-0.004641
279	-0.005237
280	-0.005849
281	-0.006485
282	-0.007151
283	-0.007834
284	-0.008543
285	-0.009284
286	-0.010058
287	-0.010875
288	-0.011743
289	-0.012646
290	-0.013597
291	-0.014608
292	-0.015678
293	-0.016825
294	-0.018062
295	-0.019368
296	-0.020767
297	-0.022279
298	-0.023906
299	-0.025681
300	-0.027631
301	-0.029727
302	-0.032019
303	-0.034546
304	-0.037321
305	-0.040414
306	-0.043878
307	-0.047675
308	-0.051915
309	-0.056679
310	-0.062000
311	-0.068019
312	-0.074844
313	-0.082394
314	-0.090870
315	-0.100408
316	-0.111042
317	-0.122991
318	-0.136383
319	-0.150974
320	-0.166938
321	-0.184369
322	-0.203166
323	-0.223484
324	-0.245341
325	-0.268116
326	-0.291660
327	-0.315847
328	-0.340325
329	-0.364988
330	-0.389688
331	-0.413537
332	-0.436140
333	-0.457317
334	-0.476787
335	-0.494265
336	-0.509536
337	-0.521961
338	-0.531325
339	-0.537624
340	-0.540808
341	-0.540612
342	-0.536875
343	-0.529643
344	-0.518905
345	-0.504774
346	-0.487252
347	-0.466159
348	-0.441547
349	-0.414174
350	-0.384023
351	-0.351203
352	-0.315958
353	-0.278223
354	-0.238233
355	-0.197157
356	-0.154944
357	-0.111583
358	-0.067525
359	-0.022720
360	0.022720
Cogging Torque
