Winding Voltages under Load 
Electric Degree
(Volts)
0	3.96939e-08
0	74.6678
1	74.6678
1	-63.6654
2	-63.6654
3	13.1689
4	19.1362
5	22.9788
6	25.0157
7	26.1283
8	26.8094
9	27.2707
10	27.6063
11	27.8642
12	28.0736
13	28.2539
14	28.4202
15	28.5853
16	28.7615
17	28.9623
18	29.2044
19	29.5101
20	29.9117
21	30.4598
22	31.2427
23	32.4391
24	34.4616
25	38.2849
26	45.6613
27	57.1772
28	68.7042
29	76.1054
29	160.457
30	160.457
31	159.798
32	157.694
33	154.095
33	132.95
34	132.95
35	93.5844
36	93.7187
37	93.8167
38	93.8906
39	93.9473
40	93.9919
41	94.0282
42	94.0591
43	94.0874
44	94.1152
45	94.1451
46	94.1798
47	94.2226
48	94.2778
49	94.3513
50	94.4519
51	94.5931
52	94.7982
53	95.1135
54	95.6437
55	96.6332
56	98.5208
57	101.464
58	104.471
59	106.569
60	108
61	109.434
62	111.545
63	114.579
64	117.56
65	119.478
66	120.493
67	121.045
68	121.38
69	121.603
70	121.762
71	121.879
72	121.969
73	122.039
74	122.097
75	122.146
76	122.19
77	122.231
78	122.272
79	122.315
80	122.364
81	122.42
82	122.489
83	122.574
84	122.684
85	122.829
86	123.024
87	123.294
88	123.683
89	124.28
89	55.5427
90	55.5427
91	56.202
92	58.3066
93	61.9052
93	83.233
94	83.233
95	122.416
96	122.281
97	122.183
98	122.11
99	122.053
100	122.008
101	121.972
102	121.941
103	121.913
104	121.885
105	121.855
106	121.82
107	121.777
108	121.722
109	121.649
110	121.548
111	121.407
112	121.202
113	120.887
114	120.356
115	119.367
116	117.479
117	114.536
118	111.529
119	109.431
120	108
121	106.566
122	104.455
123	101.421
124	98.44
125	96.5216
126	95.5068
127	94.955
128	94.62
129	94.3965
130	94.2379
131	94.1207
132	94.0312
133	93.9606
134	93.903
135	93.8541
136	93.8104
137	93.7692
138	93.7281
139	93.6846
140	93.6362
141	93.5797
142	93.5112
143	93.4255
144	93.3156
145	93.1711
146	92.9763
147	92.7065
148	92.3175
149	91.7201
149	-59.5427
150	-59.5427
151	-60.202
152	-62.3066
153	-65.9052
153	-34.1223
154	-34.1223
155	37.2182
156	33.5159
157	31.5687
158	30.4248
159	29.6834
160	29.1712
161	28.8022
162	28.5272
163	28.315
164	28.1438
165	27.9974
166	27.8624
167	27.7269
168	27.5781
169	27.4014
170	27.1772
171	26.8769
172	26.4526
173	25.811
174	24.7418
175	22.7556
176	18.9747
177	13.0837
178	7.06512
179	2.86544
180	-3.96939e-08
181	-2.87182
182	-7.09638
183	-13.1693
184	-19.1362
185	-22.9789
186	-25.0157
187	-26.1283
188	-26.8094
189	-27.2707
190	-27.6062
191	-27.8642
192	-28.0735
193	-28.2538
194	-28.4202
195	-28.5852
196	-28.7614
197	-28.9622
198	-29.2043
199	-29.51
200	-29.9116
201	-30.4596
202	-31.2425
203	-32.4389
204	-34.4613
205	-38.2847
206	-45.6609
207	-57.1768
208	-68.7036
209	-76.1047
209	-160.457
210	-160.457
211	-159.798
212	-157.693
213	-154.095
213	-132.677
214	-132.677
215	-93.5841
216	-93.7185
217	-93.8165
218	-93.8904
219	-93.9471
220	-93.9917
221	-94.028
222	-94.059
223	-94.0872
224	-94.1151
225	-94.145
226	-94.1797
227	-94.2225
228	-94.2777
229	-94.3512
230	-94.4518
231	-94.593
232	-94.7981
233	-95.1134
234	-95.6436
235	-96.6332
236	-98.5207
237	-101.464
238	-104.471
239	-106.569
240	-108
241	-109.434
242	-111.545
243	-114.579
244	-117.56
245	-119.478
246	-120.493
247	-121.045
248	-121.38
249	-121.603
250	-121.762
251	-121.879
252	-121.969
253	-122.039
254	-122.097
255	-122.146
256	-122.19
257	-122.231
258	-122.272
259	-122.315
260	-122.364
261	-122.42
262	-122.489
263	-122.574
264	-122.684
265	-122.829
266	-123.024
267	-123.294
268	-123.682
269	-124.28
269	-55.5427
270	-55.5427
271	-56.202
272	-58.3066
273	-61.9053
273	-83.332
274	-83.332
275	-122.416
276	-122.282
277	-122.184
278	-122.11
279	-122.053
280	-122.008
281	-121.972
282	-121.941
283	-121.913
284	-121.885
285	-121.855
286	-121.82
287	-121.778
288	-121.722
289	-121.649
290	-121.548
291	-121.407
292	-121.202
293	-120.887
294	-120.356
295	-119.367
296	-117.479
297	-114.536
298	-111.529
299	-109.431
300	-108
301	-106.566
302	-104.455
303	-101.421
304	-98.44
305	-96.5216
306	-95.5068
307	-94.955
308	-94.6201
309	-94.3965
310	-94.2379
311	-94.1207
312	-94.0312
313	-93.9606
314	-93.9031
315	-93.8541
316	-93.8104
317	-93.7692
318	-93.7281
319	-93.6847
320	-93.6362
321	-93.5797
322	-93.5112
323	-93.4256
324	-93.3156
325	-93.1711
326	-92.9763
327	-92.7065
328	-92.3175
329	-91.7202
329	59.5427
330	59.5427
331	60.202
332	62.3066
333	65.9053
333	34.0506
334	34.0506
335	-37.2182
336	-33.516
337	-31.5688
338	-30.4249
339	-29.6835
340	-29.1712
341	-28.8022
342	-28.5273
343	-28.3151
344	-28.1438
345	-27.9974
346	-27.8625
347	-27.7269
348	-27.5782
349	-27.4014
350	-27.1773
351	-26.877
352	-26.4526
353	-25.811
354	-24.7418
355	-22.7556
356	-18.9748
357	-13.0837
358	-7.06513
359	-2.86544
360	3.96939e-08
360	74.6678
Phase Voltage va
0	108
0	220
1	220
1	12.4983
2	12.4983
3	127.748
4	136.696
5	142.457
6	145.509
7	147.173
8	148.189
9	148.874
10	149.368
11	149.744
12	150.042
13	150.293
14	150.517
15	150.731
16	150.951
17	151.193
18	151.476
19	151.826
20	152.276
21	152.88
22	153.732
23	155.014
24	157.146
25	161.114
26	168.685
27	180.471
28	192.387
29	200.385
29	216
30	216
31	216
32	216
33	216
33	216
34	216
35	216
36	216
37	216
38	216
39	216
40	216
41	216
42	216
43	216
44	216
45	216
46	216
47	216
48	216
49	216
50	216
51	216
52	216
53	216
54	216
55	216
56	216
57	216
58	216
59	216
60	216
61	216
62	216
63	216
64	216
65	216
66	216
67	216
68	216
69	216
70	216
71	216
72	216
73	216
74	216
75	216
76	216
77	216
78	216
79	216
80	216
81	216
82	216
83	216
84	216
85	216
86	216
87	216
88	216
89	216
89	-4
90	-4
91	-4
92	-4
93	-4
93	48.9783
94	48.9783
95	159.634
96	155.797
97	153.752
98	152.534
99	151.736
100	151.179
101	150.774
102	150.468
103	150.228
104	150.029
105	149.852
106	149.683
107	149.504
108	149.3
109	149.05
110	148.725
111	148.284
112	147.654
113	146.697
114	145.098
115	142.122
116	136.454
117	127.62
118	118.594
119	112.296
120	108
121	103.694
122	97.3591
123	88.2518
124	79.3038
125	73.5428
126	70.491
127	68.8267
128	67.8107
129	67.1258
130	66.6317
131	66.2565
132	65.9577
133	65.7068
134	65.4829
135	65.2689
136	65.049
137	64.8071
138	64.5239
139	64.1747
140	63.7246
141	63.12
142	62.2686
143	60.9866
144	58.8543
145	54.8864
146	47.3153
147	35.5296
148	23.6139
149	15.6153
149	-220
150	-220
151	-220
152	-220
153	-220
153	-166.823
154	-166.823
155	-56.366
156	-60.2026
157	-62.2478
158	-63.4656
159	-64.2637
160	-64.8205
161	-65.2259
162	-65.5318
163	-65.7722
164	-65.9713
165	-66.1476
166	-66.3173
167	-66.4956
168	-66.6995
169	-66.9498
170	-67.2745
171	-67.716
172	-68.3455
173	-69.3024
174	-70.9018
175	-73.8776
176	-79.546
177	-88.3802
178	-97.4059
179	-103.704
180	-108
181	-112.306
182	-118.641
183	-127.748
184	-136.696
185	-142.457
186	-145.509
187	-147.173
188	-148.189
189	-148.874
190	-149.368
191	-149.744
192	-150.042
193	-150.293
194	-150.517
195	-150.731
196	-150.951
197	-151.193
198	-151.476
199	-151.825
200	-152.275
201	-152.88
202	-153.731
203	-155.013
204	-157.146
205	-161.114
206	-168.685
207	-180.47
208	-192.386
209	-200.385
209	-216
210	-216
211	-216
212	-216
213	-216
213	-216
214	-216
215	-216
216	-216
217	-216
218	-216
219	-216
220	-216
221	-216
222	-216
223	-216
224	-216
225	-216
226	-216
227	-216
228	-216
229	-216
230	-216
231	-216
232	-216
233	-216
234	-216
235	-216
236	-216
237	-216
238	-216
239	-216
240	-216
241	-216
242	-216
243	-216
244	-216
245	-216
246	-216
247	-216
248	-216
249	-216
250	-216
251	-216
252	-216
253	-216
254	-216
255	-216
256	-216
257	-216
258	-216
259	-216
260	-216
261	-216
262	-216
263	-216
264	-216
265	-216
266	-216
267	-216
268	-216
269	-216
269	4
270	4
271	4
272	4
273	4
273	-49.2751
274	-49.2751
275	-159.634
276	-155.798
277	-153.752
278	-152.534
279	-151.736
280	-151.18
281	-150.774
282	-150.468
283	-150.228
284	-150.029
285	-149.852
286	-149.683
287	-149.504
288	-149.301
289	-149.05
290	-148.726
291	-148.284
292	-147.655
293	-146.698
294	-145.098
295	-142.122
296	-136.454
297	-127.62
298	-118.594
299	-112.296
300	-108
301	-103.694
302	-97.3591
303	-88.2518
304	-79.3038
305	-73.5428
306	-70.491
307	-68.8267
308	-67.8107
309	-67.1258
310	-66.6317
311	-66.2565
312	-65.9577
313	-65.7068
314	-65.4829
315	-65.2689
316	-65.0491
317	-64.8071
318	-64.5239
319	-64.1747
320	-63.7246
321	-63.1201
322	-62.2687
323	-60.9867
324	-58.8543
325	-54.8864
326	-47.3154
327	-35.5297
328	-23.614
329	-15.6154
329	220
330	220
331	220
332	220
333	220
333	166.715
334	166.715
335	56.3659
336	60.2025
337	62.2477
338	63.4655
339	64.2636
340	64.8205
341	65.2258
342	65.5317
343	65.7721
344	65.9712
345	66.1476
346	66.3172
347	66.4956
348	66.6995
349	66.9497
350	67.2745
351	67.716
352	68.3455
353	69.3024
354	70.9017
355	73.8776
356	79.5459
357	88.3802
358	97.4059
359	103.704
360	108
360	220
Line Voltage vab
