Induced Coil Voltages at Rated Speed
Electric Degree
(Volts)
0	0.000000
1	-0.000022
2	-0.000046
3	-0.000072
4	-0.000103
5	-0.000140
6	-0.000185
7	-0.000241
8	-0.000312
9	-0.000401
10	-0.000516
11	-0.000662
12	-0.000850
13	-0.001093
14	-0.001408
15	-0.001819
16	-0.002359
17	-0.003074
18	-0.004029
19	-0.005322
20	-0.007099
21	-0.009596
22	-0.013234
23	-0.018863
24	-0.028457
25	-0.046682
26	-0.081920
27	-0.136955
28	-0.191990
29	-0.227228
30	-0.245454
31	-0.255048
32	-0.260677
33	-0.264314
34	-0.266811
35	-0.268588
36	-0.269881
37	-0.270836
38	-0.271551
39	-0.272090
40	-0.272501
41	-0.272816
42	-0.273058
43	-0.273245
44	-0.273391
45	-0.273504
46	-0.273592
47	-0.273661
48	-0.273715
49	-0.273757
50	-0.273790
51	-0.273816
52	-0.273836
53	-0.273852
54	-0.273865
55	-0.273875
56	-0.273882
57	-0.273888
58	-0.273893
59	-0.273897
60	-0.273900
61	-0.273902
62	-0.273904
63	-0.273905
64	-0.273906
65	-0.273907
66	-0.273908
67	-0.273909
68	-0.273909
69	-0.273909
70	-0.273910
71	-0.273910
72	-0.273910
73	-0.273910
74	-0.273910
75	-0.273910
76	-0.273910
77	-0.273910
78	-0.273910
79	-0.273910
80	-0.273910
81	-0.273910
82	-0.273910
83	-0.273911
84	-0.273911
85	-0.273911
86	-0.273911
87	-0.273911
88	-0.273911
89	-0.273911
90	-0.273911
91	-0.273911
92	-0.273911
93	-0.273911
94	-0.273911
95	-0.273911
96	-0.273911
97	-0.273911
98	-0.273910
99	-0.273910
100	-0.273910
101	-0.273910
102	-0.273910
103	-0.273910
104	-0.273910
105	-0.273910
106	-0.273910
107	-0.273910
108	-0.273910
109	-0.273910
110	-0.273910
111	-0.273909
112	-0.273909
113	-0.273909
114	-0.273908
115	-0.273907
116	-0.273906
117	-0.273905
118	-0.273904
119	-0.273902
120	-0.273900
121	-0.273897
122	-0.273893
123	-0.273888
124	-0.273882
125	-0.273875
126	-0.273865
127	-0.273852
128	-0.273836
129	-0.273816
130	-0.273790
131	-0.273757
132	-0.273715
133	-0.273661
134	-0.273592
135	-0.273504
136	-0.273391
137	-0.273245
138	-0.273058
139	-0.272816
140	-0.272501
141	-0.272090
142	-0.271551
143	-0.270836
144	-0.269881
145	-0.268588
146	-0.266811
147	-0.264314
148	-0.260677
149	-0.255048
150	-0.245454
151	-0.227228
152	-0.191990
153	-0.136955
154	-0.081920
155	-0.046682
156	-0.028457
157	-0.018863
158	-0.013234
159	-0.009596
160	-0.007099
161	-0.005322
162	-0.004029
163	-0.003074
164	-0.002359
165	-0.001819
166	-0.001408
167	-0.001093
168	-0.000850
169	-0.000662
170	-0.000516
171	-0.000401
172	-0.000312
173	-0.000241
174	-0.000185
175	-0.000140
176	-0.000103
177	-0.000072
178	-0.000046
179	-0.000022
180	0.000000
181	0.000022
182	0.000046
183	0.000072
184	0.000103
185	0.000140
186	0.000185
187	0.000241
188	0.000312
189	0.000401
190	0.000516
191	0.000662
192	0.000850
193	0.001093
194	0.001408
195	0.001819
196	0.002359
197	0.003074
198	0.004029
199	0.005322
200	0.007099
201	0.009596
202	0.013234
203	0.018863
204	0.028457
205	0.046682
206	0.081920
207	0.136955
208	0.191990
209	0.227228
210	0.245454
211	0.255048
212	0.260677
213	0.264314
214	0.266811
215	0.268588
216	0.269881
217	0.270836
218	0.271551
219	0.272090
220	0.272501
221	0.272816
222	0.273058
223	0.273245
224	0.273391
225	0.273504
226	0.273592
227	0.273661
228	0.273715
229	0.273757
230	0.273790
231	0.273816
232	0.273836
233	0.273852
234	0.273865
235	0.273875
236	0.273882
237	0.273888
238	0.273893
239	0.273897
240	0.273900
241	0.273902
242	0.273904
243	0.273905
244	0.273906
245	0.273907
246	0.273908
247	0.273909
248	0.273909
249	0.273909
250	0.273910
251	0.273910
252	0.273910
253	0.273910
254	0.273910
255	0.273910
256	0.273910
257	0.273910
258	0.273910
259	0.273910
260	0.273910
261	0.273910
262	0.273910
263	0.273911
264	0.273911
265	0.273911
266	0.273911
267	0.273911
268	0.273911
269	0.273911
270	0.273911
271	0.273911
272	0.273911
273	0.273911
274	0.273911
275	0.273911
276	0.273911
277	0.273911
278	0.273910
279	0.273910
280	0.273910
281	0.273910
282	0.273910
283	0.273910
284	0.273910
285	0.273910
286	0.273910
287	0.273910
288	0.273910
289	0.273910
290	0.273910
291	0.273909
292	0.273909
293	0.273909
294	0.273908
295	0.273907
296	0.273906
297	0.273905
298	0.273904
299	0.273902
300	0.273900
301	0.273897
302	0.273893
303	0.273888
304	0.273882
305	0.273875
306	0.273865
307	0.273852
308	0.273836
309	0.273816
310	0.273790
311	0.273757
312	0.273715
313	0.273661
314	0.273592
315	0.273504
316	0.273391
317	0.273245
318	0.273058
319	0.272816
320	0.272501
321	0.272090
322	0.271551
323	0.270836
324	0.269881
325	0.268588
326	0.266811
327	0.264314
328	0.260677
329	0.255048
330	0.245454
331	0.227228
332	0.191990
333	0.136955
334	0.081920
335	0.046682
336	0.028457
337	0.018863
338	0.013234
339	0.009596
340	0.007099
341	0.005322
342	0.004029
343	0.003074
344	0.002359
345	0.001819
346	0.001408
347	0.001093
348	0.000850
349	0.000662
350	0.000516
351	0.000401
352	0.000312
353	0.000241
354	0.000185
355	0.000140
356	0.000103
357	0.000072
358	0.000046
359	0.000022
360	-0.000000
One-Conductor Voltage
0	0.245454
1	0.227206
2	0.191944
3	0.136883
4	0.081817
5	0.046542
6	0.028272
7	0.018622
8	0.012922
9	0.009195
10	0.006583
11	0.004660
12	0.003179
13	0.001981
14	0.000951
15	0.000000
16	-0.000951
17	-0.001981
18	-0.003179
19	-0.004660
20	-0.006583
21	-0.009195
22	-0.012922
23	-0.018622
24	-0.028272
25	-0.046542
26	-0.081817
27	-0.136883
28	-0.191944
29	-0.227206
30	-0.245454
31	-0.255070
32	-0.260723
33	-0.264386
34	-0.266914
35	-0.268728
36	-0.270066
37	-0.271077
38	-0.271862
39	-0.272491
40	-0.273016
41	-0.273478
42	-0.273908
43	-0.274338
44	-0.274799
45	-0.275323
46	-0.275951
47	-0.276735
48	-0.277744
49	-0.279079
50	-0.280889
51	-0.283412
52	-0.287070
53	-0.292715
54	-0.302321
55	-0.320557
56	-0.355803
57	-0.410844
58	-0.465883
59	-0.501125
60	-0.519353
61	-0.528950
62	-0.534581
63	-0.538219
64	-0.540718
65	-0.542496
66	-0.543789
67	-0.544745
68	-0.545460
69	-0.545999
70	-0.546411
71	-0.546725
72	-0.546968
73	-0.547156
74	-0.547301
75	-0.547414
76	-0.547503
77	-0.547572
78	-0.547625
79	-0.547668
80	-0.547701
81	-0.547727
82	-0.547747
83	-0.547763
84	-0.547775
85	-0.547785
86	-0.547793
87	-0.547799
88	-0.547804
89	-0.547807
90	-0.547810
91	-0.547813
92	-0.547814
93	-0.547816
94	-0.547817
95	-0.547818
96	-0.547819
97	-0.547819
98	-0.547819
99	-0.547820
100	-0.547820
101	-0.547820
102	-0.547820
103	-0.547820
104	-0.547820
105	-0.547821
106	-0.547820
107	-0.547820
108	-0.547820
109	-0.547820
110	-0.547820
111	-0.547820
112	-0.547819
113	-0.547819
114	-0.547819
115	-0.547818
116	-0.547817
117	-0.547816
118	-0.547814
119	-0.547813
120	-0.547810
121	-0.547807
122	-0.547804
123	-0.547799
124	-0.547793
125	-0.547785
126	-0.547775
127	-0.547763
128	-0.547747
129	-0.547727
130	-0.547701
131	-0.547668
132	-0.547625
133	-0.547572
134	-0.547503
135	-0.547414
136	-0.547301
137	-0.547156
138	-0.546968
139	-0.546725
140	-0.546411
141	-0.545999
142	-0.545460
143	-0.544745
144	-0.543789
145	-0.542496
146	-0.540718
147	-0.538219
148	-0.534581
149	-0.528950
150	-0.519353
151	-0.501125
152	-0.465883
153	-0.410844
154	-0.355803
155	-0.320557
156	-0.302321
157	-0.292715
158	-0.287070
159	-0.283412
160	-0.280889
161	-0.279079
162	-0.277744
163	-0.276735
164	-0.275951
165	-0.275323
166	-0.274799
167	-0.274338
168	-0.273908
169	-0.273478
170	-0.273016
171	-0.272491
172	-0.271862
173	-0.271077
174	-0.270066
175	-0.268728
176	-0.266914
177	-0.264386
178	-0.260723
179	-0.255070
180	-0.245454
181	-0.227206
182	-0.191944
183	-0.136883
184	-0.081817
185	-0.046542
186	-0.028272
187	-0.018622
188	-0.012922
189	-0.009195
190	-0.006583
191	-0.004660
192	-0.003179
193	-0.001981
194	-0.000951
195	0.000000
196	0.000951
197	0.001981
198	0.003179
199	0.004660
200	0.006583
201	0.009195
202	0.012922
203	0.018622
204	0.028272
205	0.046542
206	0.081817
207	0.136883
208	0.191944
209	0.227206
210	0.245454
211	0.255070
212	0.260723
213	0.264386
214	0.266914
215	0.268728
216	0.270066
217	0.271077
218	0.271862
219	0.272491
220	0.273016
221	0.273478
222	0.273908
223	0.274338
224	0.274799
225	0.275323
226	0.275951
227	0.276735
228	0.277744
229	0.279079
230	0.280889
231	0.283412
232	0.287070
233	0.292715
234	0.302321
235	0.320557
236	0.355803
237	0.410844
238	0.465883
239	0.501125
240	0.519353
241	0.528950
242	0.534581
243	0.538219
244	0.540718
245	0.542496
246	0.543789
247	0.544745
248	0.545460
249	0.545999
250	0.546411
251	0.546725
252	0.546968
253	0.547156
254	0.547301
255	0.547414
256	0.547503
257	0.547572
258	0.547625
259	0.547668
260	0.547701
261	0.547727
262	0.547747
263	0.547763
264	0.547775
265	0.547785
266	0.547793
267	0.547799
268	0.547804
269	0.547807
270	0.547810
271	0.547813
272	0.547814
273	0.547816
274	0.547817
275	0.547818
276	0.547819
277	0.547819
278	0.547819
279	0.547820
280	0.547820
281	0.547820
282	0.547820
283	0.547820
284	0.547820
285	0.547821
286	0.547820
287	0.547820
288	0.547820
289	0.547820
290	0.547820
291	0.547820
292	0.547819
293	0.547819
294	0.547819
295	0.547818
296	0.547817
297	0.547816
298	0.547814
299	0.547813
300	0.547810
301	0.547807
302	0.547804
303	0.547799
304	0.547793
305	0.547785
306	0.547775
307	0.547763
308	0.547747
309	0.547727
310	0.547701
311	0.547668
312	0.547625
313	0.547572
314	0.547503
315	0.547414
316	0.547301
317	0.547156
318	0.546968
319	0.546725
320	0.546411
321	0.545999
322	0.545460
323	0.544745
324	0.543789
325	0.542496
326	0.540718
327	0.538219
328	0.534581
329	0.528950
330	0.519353
331	0.501125
332	0.465883
333	0.410844
334	0.355803
335	0.320557
336	0.302321
337	0.292715
338	0.287070
339	0.283412
340	0.280889
341	0.279079
342	0.277744
343	0.276735
344	0.275951
345	0.275323
346	0.274799
347	0.274338
348	0.273908
349	0.273478
350	0.273016
351	0.272491
352	0.271862
353	0.271077
354	0.270066
355	0.268728
356	0.266914
357	0.264386
358	0.260723
359	0.255070
360	0.245454
One-Turn Voltage
