Winding Voltages under Load 
Electric Degree
(Volts)
0	5.56835e-08
0	74.6678
1	74.6678
1	-64.1934
2	-64.1934
3	12.7379
4	18.5097
5	22.2199
6	24.1824
7	25.2503
8	25.9006
9	26.338
10	26.6536
11	26.894
12	27.0871
13	27.252
14	27.4031
15	27.5527
16	27.7128
17	27.8964
18	28.1195
19	28.4035
20	28.7795
21	29.2959
22	30.0377
23	31.1761
24	33.1072
25	36.7661
26	43.8327
27	54.8658
28	65.9003
29	72.9697
29	159.828
30	159.828
31	159.245
32	157.263
33	153.829
34	150.322
35	148.081
36	146.946
36	112.727
37	112.727
38	94.3336
39	94.3887
40	94.4317
41	94.4666
42	94.4966
43	94.5239
44	94.551
45	94.5802
46	94.6141
47	94.6559
48	94.7098
49	94.7815
50	94.8795
51	95.0169
52	95.2163
53	95.5225
54	96.0367
55	96.9957
56	98.8238
57	101.674
58	104.585
59	106.615
60	108
61	109.387
62	111.429
63	114.364
64	117.247
65	119.099
66	120.077
67	120.607
68	120.926
69	121.138
70	121.287
71	121.396
72	121.478
73	121.542
74	121.592
75	121.635
76	121.672
77	121.707
78	121.742
79	121.779
80	121.82
81	121.869
82	121.93
83	122.007
84	122.107
85	122.241
86	122.422
87	122.675
88	123.043
89	123.609
89	56.1718
90	56.1718
91	56.7547
92	58.7371
93	62.171
94	65.6777
95	67.9192
96	69.0539
96	103.388
97	103.388
98	121.666
99	121.611
100	121.568
101	121.533
102	121.503
103	121.476
104	121.449
105	121.42
106	121.386
107	121.344
108	121.29
109	121.219
110	121.121
111	120.983
112	120.784
113	120.478
114	119.963
115	119.004
116	117.176
117	114.326
118	111.415
119	109.385
120	108
121	106.613
122	104.571
123	101.636
124	98.753
125	96.9007
126	95.923
127	95.3933
128	95.0736
129	94.8618
130	94.7128
131	94.604
132	94.522
133	94.4585
134	94.4076
135	94.365
136	94.3277
137	94.2929
138	94.2582
139	94.2214
140	94.1798
141	94.1306
142	94.0699
143	93.9929
144	93.8926
145	93.7593
146	93.5779
147	93.3246
148	92.9574
149	92.3908
149	-60.1718
150	-60.1718
151	-60.7547
152	-62.7371
153	-66.171
154	-69.6777
155	-71.9192
156	-73.0539
156	-6.03155
157	-6.03155
158	29.4694
159	28.7508
160	28.2552
161	27.8981
162	27.632
163	27.4264
164	27.2603
165	27.1181
166	26.9868
167	26.8548
168	26.7098
169	26.5376
170	26.3193
171	26.0271
172	25.6147
173	24.9917
174	23.9548
175	22.0299
176	18.368
177	12.664
178	6.83768
179	2.77282
180	-5.56835e-08
181	-2.77832
182	-6.86463
183	-12.7382
184	-18.5097
185	-22.2199
186	-24.1824
187	-25.2503
188	-25.9006
189	-26.338
190	-26.6536
191	-26.894
192	-27.0871
193	-27.252
194	-27.4031
195	-27.5527
196	-27.7128
197	-27.8964
198	-28.1195
199	-28.4035
200	-28.7795
201	-29.2959
202	-30.0377
203	-31.1761
204	-33.1072
205	-36.7661
206	-43.8327
207	-54.8658
208	-65.9002
209	-72.9697
209	-159.828
210	-159.828
211	-159.245
212	-157.263
213	-153.829
214	-150.322
215	-148.081
216	-146.946
216	-112.555
217	-112.555
218	-94.3335
219	-94.3886
220	-94.4316
221	-94.4666
222	-94.4965
223	-94.5238
224	-94.5509
225	-94.5801
226	-94.614
227	-94.6558
228	-94.7097
229	-94.7815
230	-94.8795
231	-95.0169
232	-95.2163
233	-95.5224
234	-96.0366
235	-96.9956
236	-98.8238
237	-101.673
238	-104.585
239	-106.615
240	-108
241	-109.387
242	-111.429
243	-114.364
244	-117.247
245	-119.099
246	-120.077
247	-120.607
248	-120.926
249	-121.138
250	-121.287
251	-121.396
252	-121.478
253	-121.542
254	-121.592
255	-121.635
256	-121.672
257	-121.707
258	-121.742
259	-121.779
260	-121.82
261	-121.869
262	-121.93
263	-122.007
264	-122.107
265	-122.241
266	-122.422
267	-122.675
268	-123.043
269	-123.609
269	-56.1718
270	-56.1718
271	-56.7547
272	-58.7371
273	-62.171
274	-65.6777
275	-67.9193
276	-69.0539
276	-103.451
277	-103.451
278	-121.667
279	-121.611
280	-121.568
281	-121.533
282	-121.504
283	-121.476
284	-121.449
285	-121.42
286	-121.386
287	-121.344
288	-121.29
289	-121.219
290	-121.121
291	-120.983
292	-120.784
293	-120.478
294	-119.963
295	-119.004
296	-117.176
297	-114.327
298	-111.415
299	-109.385
300	-108
301	-106.613
302	-104.571
303	-101.636
304	-98.753
305	-96.9007
306	-95.923
307	-95.3933
308	-95.0736
309	-94.8618
310	-94.7128
311	-94.604
312	-94.522
313	-94.4585
314	-94.4076
315	-94.365
316	-94.3277
317	-94.2929
318	-94.2582
319	-94.2214
320	-94.1798
321	-94.1306
322	-94.0699
323	-93.9929
324	-93.8927
325	-93.7593
326	-93.5779
327	-93.3246
328	-92.9574
329	-92.3908
329	60.1718
330	60.1718
331	60.7547
332	62.7371
333	66.171
334	69.6777
335	71.9193
336	73.0539
336	5.98569
337	5.98569
338	-29.4694
339	-28.7508
340	-28.2552
341	-27.8981
342	-27.632
343	-27.4264
344	-27.2604
345	-27.1181
346	-26.9869
347	-26.8548
348	-26.7099
349	-26.5376
350	-26.3193
351	-26.0271
352	-25.6147
353	-24.9917
354	-23.9548
355	-22.03
356	-18.3681
357	-12.664
358	-6.83768
359	-2.77282
360	5.56835e-08
360	74.6678
Phase Voltage va
0	108
0	220
1	220
1	11.7065
2	11.7065
3	127.101
4	135.757
5	141.319
6	144.259
7	145.857
8	146.827
9	147.476
10	147.941
11	148.29
12	148.565
13	148.793
14	148.996
15	149.188
16	149.385
17	149.603
18	149.861
19	150.182
20	150.6
21	151.165
22	151.968
23	153.183
24	155.215
25	159.007
26	166.255
27	177.541
28	188.943
29	196.579
29	216
30	216
31	216
32	216
33	216
34	216
35	216
36	216
36	216
37	216
38	216
39	216
40	216
41	216
42	216
43	216
44	216
45	216
46	216
47	216
48	216
49	216
50	216
51	216
52	216
53	216
54	216
55	216
56	216
57	216
58	216
59	216
60	216
61	216
62	216
63	216
64	216
65	216
66	216
67	216
68	216
69	216
70	216
71	216
72	216
73	216
74	216
75	216
76	216
77	216
78	216
79	216
80	216
81	216
82	216
83	216
84	216
85	216
86	216
87	216
88	216
89	216
89	-4
90	-4
91	-4
92	-4
93	-4
94	-4
95	-4
96	-4
96	97.2724
97	97.2724
98	151.136
99	150.362
100	149.824
101	149.431
102	149.135
103	148.902
104	148.709
105	148.538
106	148.373
107	148.199
108	148
109	147.756
110	147.44
111	147.01
112	146.398
113	145.469
114	143.918
115	141.034
116	135.544
117	126.99
118	118.253
119	112.158
120	108
121	103.834
122	97.7066
123	88.8983
124	80.2433
125	74.6808
126	71.7406
127	70.143
128	69.1731
129	68.5238
130	68.0592
131	67.71
132	67.4349
133	67.2065
134	67.0045
135	66.8123
136	66.6149
137	66.3965
138	66.1388
139	65.8179
140	65.4003
141	64.8346
142	64.0322
143	62.8168
144	60.7855
145	56.9932
146	49.7452
147	38.4589
148	27.0572
149	19.4211
149	-220
150	-220
151	-220
152	-220
153	-220
154	-220
155	-220
156	-220
156	-118.601
157	-118.601
158	-64.8641
159	-65.6379
160	-66.1764
161	-66.5684
162	-66.8645
163	-67.0975
164	-67.2906
165	-67.462
166	-67.6272
167	-67.801
168	-67.9999
169	-68.2438
170	-68.5602
171	-68.9898
172	-69.6016
173	-70.5307
174	-72.0818
175	-74.9657
176	-80.4558
177	-89.0095
178	-97.747
179	-103.842
180	-108
181	-112.166
182	-118.293
183	-127.102
184	-135.757
185	-141.319
186	-144.259
187	-145.857
188	-146.827
189	-147.476
190	-147.941
191	-148.29
192	-148.565
193	-148.793
194	-148.996
195	-149.188
196	-149.385
197	-149.603
198	-149.861
199	-150.182
200	-150.6
201	-151.165
202	-151.968
203	-153.183
204	-155.215
205	-159.007
206	-166.255
207	-177.541
208	-188.943
209	-196.579
209	-216
210	-216
211	-216
212	-216
213	-216
214	-216
215	-216
216	-216
216	-216
217	-216
218	-216
219	-216
220	-216
221	-216
222	-216
223	-216
224	-216
225	-216
226	-216
227	-216
228	-216
229	-216
230	-216
231	-216
232	-216
233	-216
234	-216
235	-216
236	-216
237	-216
238	-216
239	-216
240	-216
241	-216
242	-216
243	-216
244	-216
245	-216
246	-216
247	-216
248	-216
249	-216
250	-216
251	-216
252	-216
253	-216
254	-216
255	-216
256	-216
257	-216
258	-216
259	-216
260	-216
261	-216
262	-216
263	-216
264	-216
265	-216
266	-216
267	-216
268	-216
269	-216
269	4
270	4
271	4
272	4
273	4
274	4
275	4
276	4
276	-97.4613
277	-97.4613
278	-151.136
279	-150.362
280	-149.824
281	-149.432
282	-149.136
283	-148.903
284	-148.709
285	-148.538
286	-148.373
287	-148.199
288	-148
289	-147.756
290	-147.44
291	-147.01
292	-146.398
293	-145.469
294	-143.918
295	-141.034
296	-135.544
297	-126.991
298	-118.253
299	-112.158
300	-108
301	-103.834
302	-97.7066
303	-88.8983
304	-80.2433
305	-74.6808
306	-71.7406
307	-70.143
308	-69.1731
309	-68.5238
310	-68.0592
311	-67.71
312	-67.4349
313	-67.2065
314	-67.0045
315	-66.8123
316	-66.6149
317	-66.3965
318	-66.1388
319	-65.8179
320	-65.4003
321	-64.8347
322	-64.0322
323	-62.8168
324	-60.7855
325	-56.9932
326	-49.7452
327	-38.4589
328	-27.0572
329	-19.4211
329	220
330	220
331	220
332	220
333	220
334	220
335	220
336	220
336	118.533
337	118.533
338	64.8641
339	65.6378
340	66.1764
341	66.5684
342	66.8645
343	67.0974
344	67.2906
345	67.462
346	67.6271
347	67.801
348	67.9998
349	68.2438
350	68.5602
351	68.9898
352	69.6016
353	70.5307
354	72.0818
355	74.9657
356	80.4557
357	89.0095
358	97.747
359	103.842
360	108
360	220
Line Voltage vab
