Winding Currents under Load 
Electric Degree
(Amperes)
0	2.77479
1	2.9353
2	2.75457
3	2.73014
4	2.73903
5	2.75872
6	2.78264
7	2.80856
8	2.83546
9	2.86284
10	2.89045
11	2.91809
12	2.94568
13	2.97314
14	3.00042
15	3.02749
16	3.05433
17	3.08096
18	3.10736
19	3.13356
20	3.15959
21	3.18549
22	3.21132
23	3.23718
24	3.26318
25	3.2895
26	3.31639
27	3.34423
28	3.37362
29	3.40559
29	2.02319e-11
30	0.415961
31	0.820808
32	1.20992
33	1.57758
34	1.96122
35	2.32434
36	2.10851
37	2.25266
38	2.17235
39	2.2272
40	2.27289
41	2.31758
42	2.36149
43	2.4046
44	2.44691
45	2.48839
46	2.52901
47	2.56872
48	2.60746
49	2.64515
50	2.68167
51	2.71683
52	2.75036
53	2.78177
54	2.81005
55	2.83298
56	2.84615
57	2.84449
58	2.82834
59	2.80365
60	2.77616
61	2.75057
62	2.7325
63	2.72775
64	2.73674
65	2.75645
66	2.78039
67	2.80632
68	2.83323
69	2.86064
70	2.88825
71	2.91592
72	2.94352
73	2.97099
74	2.99828
75	3.02537
76	3.05223
77	3.07887
78	3.10529
79	3.1315
80	3.15755
81	3.18346
82	3.20931
83	3.23518
84	3.2612
85	3.28753
86	3.31444
87	3.3423
88	3.3717
89	3.40368
89	2.02318e-11
90	0.415965
91	0.820815
92	1.20993
93	1.57759
94	1.96034
95	2.32337
96	2.10754
97	2.2517
98	2.1714
99	2.22625
100	2.27193
101	2.31663
102	2.36054
103	2.40366
104	2.44597
105	2.48745
106	2.52807
107	2.56779
108	2.60653
109	2.64423
110	2.68075
111	2.71591
112	2.74945
113	2.78086
114	2.80914
115	2.83208
116	2.84526
117	2.8436
118	2.82746
119	2.80277
120	2.77529
121	2.74971
122	2.73165
123	2.7269
124	2.7359
125	2.75561
126	2.77956
127	2.8055
128	2.83242
129	2.85982
130	2.88744
131	2.91511
132	2.94272
133	2.9702
134	2.9975
135	3.02459
136	3.05146
137	3.0781
138	3.10452
139	3.13075
140	3.15679
141	3.18271
142	3.20857
143	3.23445
144	3.26047
145	3.28681
146	3.31372
147	3.34159
148	3.37099
149	3.40298
149	2.02325e-11
150	0.415966
151	0.820817
152	1.20993
153	1.5776
154	1.96001
155	2.32301
156	2.10719
157	2.25135
158	2.17105
159	2.2259
160	2.27158
161	2.31629
162	2.36019
163	2.40331
164	2.44562
165	2.4871
166	2.52772
167	2.56744
168	2.60619
169	2.64389
170	2.68041
171	2.71558
172	2.74911
173	2.78053
174	2.80881
175	2.83175
176	2.84493
177	2.84327
178	2.82713
179	2.80245
180	2.77497
181	2.74939
182	2.73133
183	2.72659
184	2.73559
185	2.7553
186	2.77925
187	2.80519
188	2.83211
189	2.85952
190	2.88715
191	2.91482
192	2.94243
193	2.96991
194	2.99721
195	3.0243
196	3.05117
197	3.07782
198	3.10424
199	3.13047
200	3.15652
201	3.18244
202	3.2083
203	3.23417
204	3.2602
205	3.28654
206	3.31346
207	3.34132
208	3.37073
209	3.40272
209	2.02327e-11
210	0.415966
211	0.820818
212	1.20993
213	1.5776
214	1.95989
215	2.32288
216	2.10705
217	2.25122
218	2.17092
219	2.22577
220	2.27145
221	2.31616
222	2.36006
223	2.40318
224	2.44549
225	2.48697
226	2.5276
227	2.56732
228	2.60606
229	2.64376
230	2.68028
231	2.71545
232	2.74899
233	2.7804
234	2.80869
235	2.83163
236	2.84481
237	2.84315
238	2.82701
239	2.80233
240	2.77485
241	2.74927
242	2.73122
243	2.72647
244	2.73548
245	2.75519
246	2.77914
247	2.80508
248	2.832
249	2.85941
250	2.88704
251	2.91471
252	2.94232
253	2.9698
254	2.9971
255	3.0242
256	3.05107
257	3.07771
258	3.10414
259	3.13036
260	3.15642
261	3.18234
262	3.2082
263	3.23408
264	3.2601
265	3.28645
266	3.31336
267	3.34123
268	3.37063
269	3.40263
269	2.02327e-11
270	0.415966
271	0.820819
272	1.20993
273	1.5776
274	1.95985
275	2.32283
276	2.10701
277	2.25117
278	2.17087
279	2.22572
280	2.27141
281	2.31611
282	2.36002
283	2.40313
284	2.44544
285	2.48693
286	2.52755
287	2.56727
288	2.60602
289	2.64371
290	2.68024
291	2.71541
292	2.74895
293	2.78036
294	2.80864
295	2.83158
296	2.84477
297	2.84311
298	2.82697
299	2.80229
300	2.77481
301	2.74923
302	2.73117
303	2.72643
304	2.73544
305	2.75515
306	2.7791
307	2.80504
308	2.83196
309	2.85937
310	2.887
311	2.91467
312	2.94228
313	2.96976
314	2.99706
315	3.02416
316	3.05103
317	3.07767
318	3.1041
319	3.13033
320	3.15638
321	3.1823
322	3.20816
323	3.23404
324	3.26006
325	3.28641
326	3.31333
327	3.34119
328	3.3706
329	3.40259
329	2.02327e-11
330	0.415966
331	0.820819
332	1.20993
333	1.5776
334	1.95983
335	2.32282
336	2.10699
337	2.25116
338	2.17086
339	2.2257
340	2.27139
341	2.31609
342	2.36
343	2.40312
344	2.44543
345	2.48691
346	2.52753
347	2.56725
348	2.606
349	2.6437
350	2.68022
351	2.71539
352	2.74893
353	2.78034
354	2.80863
355	2.83157
356	2.84475
357	2.84309
358	2.82695
359	2.80227
360	2.77479
Source Current
0	1.12e-10
1	0.372557
2	-1.64206e-11
3	9.23415e-11
4	8.34317e-11
5	7.7699e-11
6	7.46639e-11
7	7.30102e-11
8	7.2002e-11
9	7.13237e-11
10	7.08353e-11
11	7.04653e-11
12	7.01715e-11
13	6.99255e-11
14	6.97064e-11
15	6.94972e-11
16	6.92824e-11
17	6.90456e-11
18	6.87679e-11
19	6.84247e-11
20	6.79813e-11
21	6.73845e-11
22	6.65424e-11
23	6.52725e-11
24	6.31579e-11
25	5.92197e-11
26	5.17021e-11
27	3.99986e-11
28	2.81685e-11
29	2.02319e-11
30	0.415961
31	0.820808
32	1.20992
33	1.57758
34	1.96122
35	2.32434
36	2.10851
37	2.02017
38	2.17235
39	2.2272
40	2.27289
41	2.31758
42	2.36149
43	2.4046
44	2.44691
45	2.48839
46	2.52901
47	2.56872
48	2.60746
49	2.64515
50	2.68167
51	2.71683
52	2.75036
53	2.78177
54	2.81005
55	2.83298
56	2.84615
57	2.84449
58	2.82834
59	2.80365
60	2.77616
61	2.75057
62	2.7325
63	2.72775
64	2.73674
65	2.75645
66	2.78039
67	2.80632
68	2.83323
69	2.86064
70	2.88825
71	2.91592
72	2.94352
73	2.97099
74	2.99828
75	3.02537
76	3.05223
77	3.07887
78	3.10529
79	3.1315
80	3.15755
81	3.18346
82	3.20931
83	3.23518
84	3.2612
85	3.28753
86	3.31444
87	3.3423
88	3.3717
89	3.40368
90	3.08302
91	2.7777
92	2.48491
93	2.21231
94	1.96034
95	1.74085
96	2.10754
97	2.2517
98	2.1714
99	2.22625
100	2.27193
101	2.31663
102	2.36054
103	2.40366
104	2.44597
105	2.48745
106	2.52807
107	2.56779
108	2.60653
109	2.64423
110	2.68075
111	2.71591
112	2.74945
113	2.78086
114	2.80914
115	2.83208
116	2.84526
117	2.8436
118	2.82746
119	2.80277
120	2.77529
121	2.74971
122	2.73165
123	2.7269
124	2.7359
125	2.75561
126	2.77956
127	2.8055
128	2.83242
129	2.85982
130	2.88744
131	2.91511
132	2.94272
133	2.9702
134	2.9975
135	3.02459
136	3.05146
137	3.0781
138	3.10452
139	3.13075
140	3.15679
141	3.18271
142	3.20857
143	3.23445
144	3.26047
145	3.28681
146	3.31372
147	3.34159
148	3.37099
149	3.40298
150	2.66636
151	1.95619
152	1.27429
153	0.634029
154	9.18168e-12
155	-0.582514
156	-9.75192e-11
157	0.232489
158	-9.0716e-11
159	6.84968e-11
160	6.90533e-11
161	6.94554e-11
162	6.97586e-11
163	6.99966e-11
164	7.01935e-11
165	7.03676e-11
166	7.05351e-11
167	7.07111e-11
168	7.09126e-11
169	7.11601e-11
170	7.14817e-11
171	7.19194e-11
172	7.25441e-11
173	7.34947e-11
174	7.50845e-11
175	7.80443e-11
176	8.36837e-11
177	9.24743e-11
178	1.01456e-10
179	1.07724e-10
180	-1.12e-10
181	-1.07714e-10
182	-1.01408e-10
183	-9.23408e-11
184	-8.34317e-11
185	-7.7699e-11
186	-7.46639e-11
187	-7.30102e-11
188	-7.2002e-11
189	-7.13237e-11
190	-7.08353e-11
191	-7.04654e-11
192	-7.01716e-11
193	-6.99256e-11
194	-6.97065e-11
195	-6.94974e-11
196	-6.92825e-11
197	-6.90458e-11
198	-6.87681e-11
199	-6.84249e-11
200	-6.79815e-11
201	-6.73847e-11
202	-6.65426e-11
203	-6.52728e-11
204	-6.31581e-11
205	-5.92199e-11
206	-5.17024e-11
207	-3.99991e-11
208	-2.8169e-11
209	-2.02325e-11
210	-0.415966
211	-0.820818
212	-1.20993
213	-1.5776
214	-1.95989
215	-2.32288
216	-2.10705
217	-2.01873
218	-2.17092
219	-2.22577
220	-2.27145
221	-2.31616
222	-2.36006
223	-2.40318
224	-2.44549
225	-2.48697
226	-2.5276
227	-2.56732
228	-2.60606
229	-2.64376
230	-2.68028
231	-2.71545
232	-2.74899
233	-2.7804
234	-2.80869
235	-2.83163
236	-2.84481
237	-2.84315
238	-2.82701
239	-2.80233
240	-2.77485
241	-2.74927
242	-2.73122
243	-2.72647
244	-2.73548
245	-2.75519
246	-2.77914
247	-2.80508
248	-2.832
249	-2.85941
250	-2.88704
251	-2.91471
252	-2.94232
253	-2.9698
254	-2.9971
255	-3.0242
256	-3.05107
257	-3.07771
258	-3.10414
259	-3.13036
260	-3.15642
261	-3.18234
262	-3.2082
263	-3.23408
264	-3.2601
265	-3.28645
266	-3.31336
267	-3.34123
268	-3.37063
269	-3.40263
270	-3.08197
271	-2.77666
272	-2.48388
273	-2.21128
274	-1.95985
275	-1.74032
276	-2.10701
277	-2.25117
278	-2.17087
279	-2.22572
280	-2.27141
281	-2.31611
282	-2.36002
283	-2.40313
284	-2.44544
285	-2.48693
286	-2.52755
287	-2.56727
288	-2.60602
289	-2.64371
290	-2.68024
291	-2.71541
292	-2.74895
293	-2.78036
294	-2.80864
295	-2.83158
296	-2.84477
297	-2.84311
298	-2.82697
299	-2.80229
300	-2.77481
301	-2.74923
302	-2.73117
303	-2.72643
304	-2.73544
305	-2.75515
306	-2.7791
307	-2.80504
308	-2.83196
309	-2.85937
310	-2.887
311	-2.91467
312	-2.94228
313	-2.96976
314	-2.99706
315	-3.02416
316	-3.05103
317	-3.07767
318	-3.1041
319	-3.13033
320	-3.15638
321	-3.1823
322	-3.20816
323	-3.23404
324	-3.26006
325	-3.28641
326	-3.31333
327	-3.34119
328	-3.3706
329	-3.40259
330	-2.66597
331	-1.95581
332	-1.27391
333	-0.633645
334	-9.07202e-12
335	0.582509
336	9.75184e-11
337	-0.232489
338	9.07162e-11
339	-6.84967e-11
340	-6.90532e-11
341	-6.94554e-11
342	-6.97586e-11
343	-6.99966e-11
344	-7.01934e-11
345	-7.03676e-11
346	-7.0535e-11
347	-7.07111e-11
348	-7.09125e-11
349	-7.116e-11
350	-7.14816e-11
351	-7.19193e-11
352	-7.25441e-11
353	-7.34947e-11
354	-7.50845e-11
355	-7.80443e-11
356	-8.36837e-11
357	-9.24743e-11
358	-1.01456e-10
359	-1.07724e-10
360	1.12e-10
Phase Current ia
0	-2.77479
1	-2.9353
2	-2.75457
3	-2.73014
4	-2.73903
5	-2.75872
6	-2.78264
7	-2.80856
8	-2.83546
9	-2.86284
10	-2.89045
11	-2.91809
12	-2.94568
13	-2.97314
14	-3.00042
15	-3.02749
16	-3.05433
17	-3.08096
18	-3.10736
19	-3.13356
20	-3.15959
21	-3.18549
22	-3.21132
23	-3.23718
24	-3.26318
25	-3.2895
26	-3.31639
27	-3.34423
28	-3.37362
29	-3.40559
30	-3.08491
31	-2.77958
32	-2.48679
33	-2.21418
34	-1.96122
35	-1.74179
36	-2.10851
37	-2.25266
38	-2.17235
39	-2.2272
40	-2.27289
41	-2.31758
42	-2.36149
43	-2.4046
44	-2.44691
45	-2.48839
46	-2.52901
47	-2.56872
48	-2.60746
49	-2.64515
50	-2.68167
51	-2.71683
52	-2.75036
53	-2.78177
54	-2.81005
55	-2.83298
56	-2.84615
57	-2.84449
58	-2.82834
59	-2.80365
60	-2.77616
61	-2.75057
62	-2.7325
63	-2.72775
64	-2.73674
65	-2.75645
66	-2.78039
67	-2.80632
68	-2.83323
69	-2.86064
70	-2.88825
71	-2.91592
72	-2.94352
73	-2.97099
74	-2.99828
75	-3.02537
76	-3.05223
77	-3.07887
78	-3.10529
79	-3.1315
80	-3.15755
81	-3.18346
82	-3.20931
83	-3.23518
84	-3.2612
85	-3.28753
86	-3.31444
87	-3.3423
88	-3.3717
89	-3.40368
90	-2.66705
91	-1.95689
92	-1.27499
93	-0.634721
94	-9.37969e-12
95	0.582521
96	9.75206e-11
97	-0.232491
98	9.07157e-11
99	-6.8497e-11
100	-6.90534e-11
101	-6.94556e-11
102	-6.97588e-11
103	-6.99968e-11
104	-7.01936e-11
105	-7.03677e-11
106	-7.05352e-11
107	-7.07112e-11
108	-7.09127e-11
109	-7.11602e-11
110	-7.14817e-11
111	-7.19195e-11
112	-7.25442e-11
113	-7.34948e-11
114	-7.50846e-11
115	-7.80443e-11
116	-8.36837e-11
117	-9.24743e-11
118	-1.01456e-10
119	-1.07724e-10
120	1.12e-10
121	1.07714e-10
122	1.01408e-10
123	9.23408e-11
124	8.34317e-11
125	7.7699e-11
126	7.46639e-11
127	7.30102e-11
128	7.2002e-11
129	7.13237e-11
130	7.08353e-11
131	7.04654e-11
132	7.01716e-11
133	6.99255e-11
134	6.97065e-11
135	6.94973e-11
136	6.92825e-11
137	6.90457e-11
138	6.87681e-11
139	6.84249e-11
140	6.79815e-11
141	6.73846e-11
142	6.65426e-11
143	6.52727e-11
144	6.31581e-11
145	5.92199e-11
146	5.17024e-11
147	3.9999e-11
148	2.81689e-11
149	2.02325e-11
150	0.415966
151	0.820817
152	1.20993
153	1.5776
154	1.96001
155	2.32301
156	2.10719
157	2.01886
158	2.17105
159	2.2259
160	2.27158
161	2.31629
162	2.36019
163	2.40331
164	2.44562
165	2.4871
166	2.52772
167	2.56744
168	2.60619
169	2.64389
170	2.68041
171	2.71558
172	2.74911
173	2.78053
174	2.80881
175	2.83175
176	2.84493
177	2.84327
178	2.82713
179	2.80245
180	2.77497
181	2.74939
182	2.73133
183	2.72659
184	2.73559
185	2.7553
186	2.77925
187	2.80519
188	2.83211
189	2.85952
190	2.88715
191	2.91482
192	2.94243
193	2.96991
194	2.99721
195	3.0243
196	3.05117
197	3.07782
198	3.10424
199	3.13047
200	3.15652
201	3.18244
202	3.2083
203	3.23417
204	3.2602
205	3.28654
206	3.31346
207	3.34132
208	3.37073
209	3.40272
210	3.08207
211	2.77675
212	2.48397
213	2.21137
214	1.95989
215	1.74037
216	2.10705
217	2.25122
218	2.17092
219	2.22577
220	2.27145
221	2.31616
222	2.36006
223	2.40318
224	2.44549
225	2.48697
226	2.5276
227	2.56732
228	2.60606
229	2.64376
230	2.68028
231	2.71545
232	2.74899
233	2.7804
234	2.80869
235	2.83163
236	2.84481
237	2.84315
238	2.82701
239	2.80233
240	2.77485
241	2.74927
242	2.73122
243	2.72647
244	2.73548
245	2.75519
246	2.77914
247	2.80508
248	2.832
249	2.85941
250	2.88704
251	2.91471
252	2.94232
253	2.9698
254	2.9971
255	3.0242
256	3.05107
257	3.07771
258	3.10414
259	3.13036
260	3.15642
261	3.18234
262	3.2082
263	3.23408
264	3.2601
265	3.28645
266	3.31336
267	3.34123
268	3.37063
269	3.40263
270	2.666
271	1.95584
272	1.27394
273	0.63368
274	9.08191e-12
275	-0.58251
276	-9.75185e-11
277	0.232489
278	-9.07162e-11
279	6.84967e-11
280	6.90532e-11
281	6.94554e-11
282	6.97586e-11
283	6.99966e-11
284	7.01934e-11
285	7.03676e-11
286	7.0535e-11
287	7.07111e-11
288	7.09125e-11
289	7.116e-11
290	7.14816e-11
291	7.19193e-11
292	7.25441e-11
293	7.34947e-11
294	7.50845e-11
295	7.80443e-11
296	8.36837e-11
297	9.24743e-11
298	1.01456e-10
299	1.07724e-10
300	-1.12e-10
301	-1.07714e-10
302	-1.01408e-10
303	-9.23408e-11
304	-8.34317e-11
305	-7.7699e-11
306	-7.46639e-11
307	-7.30102e-11
308	-7.2002e-11
309	-7.13237e-11
310	-7.08353e-11
311	-7.04654e-11
312	-7.01716e-11
313	-6.99256e-11
314	-6.97065e-11
315	-6.94974e-11
316	-6.92825e-11
317	-6.90458e-11
318	-6.87681e-11
319	-6.84249e-11
320	-6.79815e-11
321	-6.73847e-11
322	-6.65426e-11
323	-6.52728e-11
324	-6.31581e-11
325	-5.92199e-11
326	-5.17024e-11
327	-3.99991e-11
328	-2.8169e-11
329	-2.02325e-11
330	-0.415966
331	-0.820819
332	-1.20993
333	-1.5776
334	-1.95983
335	-2.32282
336	-2.10699
337	-2.01867
338	-2.17086
339	-2.2257
340	-2.27139
341	-2.31609
342	-2.36
343	-2.40312
344	-2.44543
345	-2.48691
346	-2.52753
347	-2.56725
348	-2.606
349	-2.6437
350	-2.68022
351	-2.71539
352	-2.74893
353	-2.78034
354	-2.80863
355	-2.83157
356	-2.84475
357	-2.84309
358	-2.82695
359	-2.80227
360	-2.77479
Phase Current ib
0	2.77479
1	2.56274
2	2.75457
3	2.73014
4	2.73903
5	2.75872
6	2.78264
7	2.80856
8	2.83546
9	2.86284
10	2.89045
11	2.91809
12	2.94568
13	2.97314
14	3.00042
15	3.02749
16	3.05433
17	3.08096
18	3.10736
19	3.13356
20	3.15959
21	3.18549
22	3.21132
23	3.23718
24	3.26318
25	3.2895
26	3.31639
27	3.34423
28	3.37362
29	3.40559
30	2.66895
31	1.95878
32	1.27687
33	0.636602
34	9.9174e-12
35	-0.582543
36	-9.75238e-11
37	0.232495
38	-9.0715e-11
39	6.84972e-11
40	6.90532e-11
41	6.94564e-11
42	6.9758e-11
43	6.99969e-11
44	7.0195e-11
45	7.03686e-11
46	7.05369e-11
47	7.07119e-11
48	7.09135e-11
49	7.11604e-11
50	7.1481e-11
51	7.19207e-11
52	7.25437e-11
53	7.34945e-11
54	7.50848e-11
55	7.80451e-11
56	8.36837e-11
57	9.24745e-11
58	1.01456e-10
59	1.07724e-10
60	-1.12e-10
61	-1.07713e-10
62	-1.01407e-10
63	-9.23408e-11
64	-8.34315e-11
65	-7.76996e-11
66	-7.46643e-11
67	-7.30109e-11
68	-7.20028e-11
69	-7.13234e-11
70	-7.08358e-11
71	-7.04654e-11
72	-7.01714e-11
73	-6.99254e-11
74	-6.97074e-11
75	-6.94964e-11
76	-6.92828e-11
77	-6.90457e-11
78	-6.87685e-11
79	-6.84253e-11
80	-6.79812e-11
81	-6.73843e-11
82	-6.65423e-11
83	-6.52722e-11
84	-6.31579e-11
85	-5.92206e-11
86	-5.17035e-11
87	-3.99982e-11
88	-2.81686e-11
89	-2.02318e-11
90	-0.415965
91	-0.820815
92	-1.20993
93	-1.57759
94	-1.96034
95	-2.32337
96	-2.10754
97	-2.01921
98	-2.1714
99	-2.22625
100	-2.27193
101	-2.31663
102	-2.36054
103	-2.40366
104	-2.44597
105	-2.48745
106	-2.52807
107	-2.56779
108	-2.60653
109	-2.64423
110	-2.68075
111	-2.71591
112	-2.74945
113	-2.78086
114	-2.80914
115	-2.83208
116	-2.84526
117	-2.8436
118	-2.82746
119	-2.80277
120	-2.77529
121	-2.74971
122	-2.73165
123	-2.7269
124	-2.7359
125	-2.75561
126	-2.77956
127	-2.8055
128	-2.83242
129	-2.85982
130	-2.88744
131	-2.91511
132	-2.94272
133	-2.9702
134	-2.9975
135	-3.02459
136	-3.05146
137	-3.0781
138	-3.10452
139	-3.13075
140	-3.15679
141	-3.18271
142	-3.20857
143	-3.23445
144	-3.26047
145	-3.28681
146	-3.31372
147	-3.34159
148	-3.37099
149	-3.40298
150	-3.08232
151	-2.77701
152	-2.48422
153	-2.21163
154	-1.96001
155	-1.7405
156	-2.10719
157	-2.25135
158	-2.17105
159	-2.2259
160	-2.27158
161	-2.31629
162	-2.36019
163	-2.40331
164	-2.44562
165	-2.4871
166	-2.52772
167	-2.56744
168	-2.60619
169	-2.64389
170	-2.68041
171	-2.71558
172	-2.74911
173	-2.78053
174	-2.80881
175	-2.83175
176	-2.84493
177	-2.84327
178	-2.82713
179	-2.80245
180	-2.77497
181	-2.74939
182	-2.73133
183	-2.72659
184	-2.73559
185	-2.7553
186	-2.77925
187	-2.80519
188	-2.83211
189	-2.85952
190	-2.88715
191	-2.91482
192	-2.94243
193	-2.96991
194	-2.99721
195	-3.0243
196	-3.05117
197	-3.07782
198	-3.10424
199	-3.13047
200	-3.15652
201	-3.18244
202	-3.2083
203	-3.23417
204	-3.2602
205	-3.28654
206	-3.31346
207	-3.34132
208	-3.37073
209	-3.40272
210	-2.6661
211	-1.95594
212	-1.27404
213	-0.633774
214	-9.10849e-12
215	0.582511
216	9.75189e-11
217	-0.232489
218	9.07163e-11
219	-6.84972e-11
220	-6.90537e-11
221	-6.94564e-11
222	-6.9758e-11
223	-6.99969e-11
224	-7.01941e-11
225	-7.03664e-11
226	-7.05351e-11
227	-7.07119e-11
228	-7.09117e-11
229	-7.11595e-11
230	-7.14819e-11
231	-7.19198e-11
232	-7.25442e-11
233	-7.34963e-11
234	-7.50848e-11
235	-7.80438e-11
236	-8.36833e-11
237	-9.24736e-11
238	-1.01456e-10
239	-1.07723e-10
240	1.11999e-10
241	1.07713e-10
242	1.01407e-10
243	9.23417e-11
244	8.34315e-11
245	7.76992e-11
246	7.46643e-11
247	7.30109e-11
248	7.20028e-11
249	7.13238e-11
250	7.08358e-11
251	7.04663e-11
252	7.01723e-11
253	6.99263e-11
254	6.9706e-11
255	6.94982e-11
256	6.92824e-11
257	6.90461e-11
258	6.87672e-11
259	6.84257e-11
260	6.79803e-11
261	6.73843e-11
262	6.65423e-11
263	6.52731e-11
264	6.31579e-11
265	5.92202e-11
266	5.17022e-11
267	3.99996e-11
268	2.8169e-11
269	2.02327e-11
270	0.415966
271	0.820819
272	1.20993
273	1.5776
274	1.95985
275	2.32283
276	2.10701
277	2.01868
278	2.17087
279	2.22572
280	2.27141
281	2.31611
282	2.36002
283	2.40313
284	2.44544
285	2.48693
286	2.52755
287	2.56727
288	2.60602
289	2.64371
290	2.68024
291	2.71541
292	2.74895
293	2.78036
294	2.80864
295	2.83158
296	2.84477
297	2.84311
298	2.82697
299	2.80229
300	2.77481
301	2.74923
302	2.73117
303	2.72643
304	2.73544
305	2.75515
306	2.7791
307	2.80504
308	2.83196
309	2.85937
310	2.887
311	2.91467
312	2.94228
313	2.96976
314	2.99706
315	3.02416
316	3.05103
317	3.07767
318	3.1041
319	3.13033
320	3.15638
321	3.1823
322	3.20816
323	3.23404
324	3.26006
325	3.28641
326	3.31333
327	3.34119
328	3.3706
329	3.40259
330	3.08194
331	2.77663
332	2.48384
333	2.21125
334	1.95983
335	1.74031
336	2.10699
337	2.25116
338	2.17086
339	2.2257
340	2.27139
341	2.31609
342	2.36
343	2.40312
344	2.44543
345	2.48691
346	2.52753
347	2.56725
348	2.606
349	2.6437
350	2.68022
351	2.71539
352	2.74893
353	2.78034
354	2.80863
355	2.83157
356	2.84475
357	2.84309
358	2.82695
359	2.80227
360	2.77479
Phase Current ic
