Air-Gap Flux Density 
Electric Degree
(Tesla)
0	0.000000
1	-0.000067
2	-0.000139
3	-0.000219
4	-0.000311
5	-0.000422
6	-0.000559
7	-0.000729
8	-0.000942
9	-0.001214
10	-0.001559
11	-0.002002
12	-0.002570
13	-0.003305
14	-0.004258
15	-0.005502
16	-0.007134
17	-0.009296
18	-0.012185
19	-0.016094
20	-0.021468
21	-0.029021
22	-0.040021
23	-0.057045
24	-0.086059
25	-0.141177
26	-0.247745
27	-0.414182
28	-0.580620
29	-0.687188
30	-0.742305
31	-0.771320
32	-0.788343
33	-0.799343
34	-0.806896
35	-0.812269
36	-0.816178
37	-0.819067
38	-0.821228
39	-0.822860
40	-0.824102
41	-0.825054
42	-0.825787
43	-0.826354
44	-0.826794
45	-0.827136
46	-0.827402
47	-0.827611
48	-0.827774
49	-0.827901
50	-0.828001
51	-0.828079
52	-0.828141
53	-0.828189
54	-0.828227
55	-0.828256
56	-0.828280
57	-0.828298
58	-0.828312
59	-0.828324
60	-0.828332
61	-0.828339
62	-0.828345
63	-0.828349
64	-0.828353
65	-0.828355
66	-0.828357
67	-0.828359
68	-0.828360
69	-0.828361
70	-0.828362
71	-0.828363
72	-0.828363
73	-0.828364
74	-0.828364
75	-0.828364
76	-0.828364
77	-0.828364
78	-0.828365
79	-0.828365
80	-0.828365
81	-0.828365
82	-0.828365
83	-0.828365
84	-0.828365
85	-0.828365
86	-0.828365
87	-0.828365
88	-0.828365
89	-0.828365
90	-0.828365
91	-0.828365
92	-0.828365
93	-0.828365
94	-0.828365
95	-0.828365
96	-0.828365
97	-0.828365
98	-0.828365
99	-0.828365
100	-0.828365
101	-0.828365
102	-0.828365
103	-0.828364
104	-0.828364
105	-0.828364
106	-0.828364
107	-0.828364
108	-0.828363
109	-0.828363
110	-0.828362
111	-0.828361
112	-0.828360
113	-0.828359
114	-0.828357
115	-0.828355
116	-0.828353
117	-0.828349
118	-0.828345
119	-0.828339
120	-0.828332
121	-0.828324
122	-0.828312
123	-0.828298
124	-0.828280
125	-0.828256
126	-0.828227
127	-0.828189
128	-0.828141
129	-0.828079
130	-0.828001
131	-0.827901
132	-0.827774
133	-0.827611
134	-0.827402
135	-0.827136
136	-0.826794
137	-0.826354
138	-0.825787
139	-0.825054
140	-0.824102
141	-0.822860
142	-0.821228
143	-0.819067
144	-0.816178
145	-0.812269
146	-0.806896
147	-0.799343
148	-0.788343
149	-0.771320
150	-0.742305
151	-0.687188
152	-0.580620
153	-0.414182
154	-0.247745
155	-0.141177
156	-0.086059
157	-0.057045
158	-0.040021
159	-0.029021
160	-0.021468
161	-0.016094
162	-0.012185
163	-0.009296
164	-0.007134
165	-0.005502
166	-0.004258
167	-0.003305
168	-0.002570
169	-0.002002
170	-0.001559
171	-0.001214
172	-0.000942
173	-0.000729
174	-0.000559
175	-0.000422
176	-0.000311
177	-0.000219
178	-0.000139
179	-0.000067
180	0.000000
181	0.000067
182	0.000139
183	0.000219
184	0.000311
185	0.000422
186	0.000559
187	0.000729
188	0.000942
189	0.001214
190	0.001559
191	0.002002
192	0.002570
193	0.003305
194	0.004258
195	0.005502
196	0.007134
197	0.009296
198	0.012185
199	0.016094
200	0.021468
201	0.029021
202	0.040021
203	0.057045
204	0.086059
205	0.141177
206	0.247745
207	0.414182
208	0.580620
209	0.687188
210	0.742305
211	0.771320
212	0.788343
213	0.799343
214	0.806896
215	0.812269
216	0.816178
217	0.819067
218	0.821228
219	0.822860
220	0.824102
221	0.825054
222	0.825787
223	0.826354
224	0.826794
225	0.827136
226	0.827402
227	0.827611
228	0.827774
229	0.827901
230	0.828001
231	0.828079
232	0.828141
233	0.828189
234	0.828227
235	0.828256
236	0.828280
237	0.828298
238	0.828312
239	0.828324
240	0.828332
241	0.828339
242	0.828345
243	0.828349
244	0.828353
245	0.828355
246	0.828357
247	0.828359
248	0.828360
249	0.828361
250	0.828362
251	0.828363
252	0.828363
253	0.828364
254	0.828364
255	0.828364
256	0.828364
257	0.828364
258	0.828365
259	0.828365
260	0.828365
261	0.828365
262	0.828365
263	0.828365
264	0.828365
265	0.828365
266	0.828365
267	0.828365
268	0.828365
269	0.828365
270	0.828365
271	0.828365
272	0.828365
273	0.828365
274	0.828365
275	0.828365
276	0.828365
277	0.828365
278	0.828365
279	0.828365
280	0.828365
281	0.828365
282	0.828365
283	0.828364
284	0.828364
285	0.828364
286	0.828364
287	0.828364
288	0.828363
289	0.828363
290	0.828362
291	0.828361
292	0.828360
293	0.828359
294	0.828357
295	0.828355
296	0.828353
297	0.828349
298	0.828345
299	0.828339
300	0.828332
301	0.828324
302	0.828312
303	0.828298
304	0.828280
305	0.828256
306	0.828227
307	0.828189
308	0.828141
309	0.828079
310	0.828001
311	0.827901
312	0.827774
313	0.827611
314	0.827402
315	0.827136
316	0.826794
317	0.826354
318	0.825787
319	0.825054
320	0.824102
321	0.822860
322	0.821228
323	0.819067
324	0.816178
325	0.812269
326	0.806896
327	0.799343
328	0.788343
329	0.771320
330	0.742305
331	0.687188
332	0.580620
333	0.414182
334	0.247745
335	0.141177
336	0.086059
337	0.057045
338	0.040021
339	0.029021
340	0.021468
341	0.016094
342	0.012185
343	0.009296
344	0.007134
345	0.005502
346	0.004258
347	0.003305
348	0.002570
349	0.002002
350	0.001559
351	0.001214
352	0.000942
353	0.000729
354	0.000559
355	0.000422
356	0.000311
357	0.000219
358	0.000139
359	0.000067
360	-0.000000
Air-Gap Flux Density
