Induced Winding Voltages at Rated Speed
Electric Degree
(Volts)
0	0.000000
1	2.878616
2	7.105470
3	13.172294
4	19.122254
5	22.953863
6	24.979567
7	26.081015
8	26.750958
9	27.200994
10	27.525062
11	27.771379
12	27.968839
13	28.137094
14	28.291069
15	28.443480
16	28.606617
17	28.793960
18	29.022019
19	29.312910
20	29.698581
21	30.229101
22	30.991996
23	32.163993
24	34.153407
25	37.924779
26	45.210278
27	56.585301
28	67.959746
29	75.243476
30	79.011780
31	80.996637
32	82.162306
33	82.916702
34	83.436008
35	83.807020
36	84.078824
37	84.282049
38	84.437022
39	84.557813
40	84.654522
41	84.734686
42	84.804218
43	84.868055
44	84.930672
45	84.996531
46	85.070538
47	85.158610
48	85.268442
49	85.410705
50	85.601103
51	85.864475
52	86.244440
53	86.829257
54	87.823001
55	89.707880
56	93.349925
57	99.036792
58	104.723390
59	108.364613
60	110.248067
61	111.239699
62	111.821593
63	112.197650
64	112.455893
65	112.639636
66	112.773314
67	112.872109
68	112.946009
69	113.001825
70	113.044316
71	113.076870
72	113.101940
73	113.121327
74	113.136367
75	113.148066
76	113.157183
77	113.164299
78	113.169857
79	113.174202
80	113.177597
81	113.180248
82	113.182314
83	113.183918
84	113.185156
85	113.186100
86	113.186806
87	113.187317
88	113.187662
89	113.187861
90	113.187926
91	113.187861
92	113.187662
93	113.187317
94	113.186806
95	113.186100
96	113.185156
97	113.183918
98	113.182314
99	113.180248
100	113.177597
101	113.174202
102	113.169857
103	113.164299
104	113.157183
105	113.148066
106	113.136367
107	113.121327
108	113.101940
109	113.076870
110	113.044316
111	113.001825
112	112.946009
113	112.872109
114	112.773314
115	112.639636
116	112.455893
117	112.197650
118	111.821593
119	111.239699
120	110.248067
121	108.364613
122	104.723390
123	99.036792
124	93.349925
125	89.707880
126	87.823001
127	86.829257
128	86.244440
129	85.864475
130	85.601103
131	85.410705
132	85.268442
133	85.158610
134	85.070538
135	84.996531
136	84.930672
137	84.868055
138	84.804218
139	84.734686
140	84.654522
141	84.557813
142	84.437022
143	84.282049
144	84.078824
145	83.807020
146	83.436008
147	82.916702
148	82.162306
149	80.996637
150	79.011780
151	75.243476
152	67.959746
153	56.585301
154	45.210278
155	37.924779
156	34.153407
157	32.163993
158	30.991996
159	30.229101
160	29.698581
161	29.312910
162	29.022019
163	28.793960
164	28.606617
165	28.443480
166	28.291069
167	28.137094
168	27.968839
169	27.771379
170	27.525062
171	27.200994
172	26.750958
173	26.081015
174	24.979567
175	22.953863
176	19.122254
177	13.172294
178	7.105470
179	2.878616
180	0.000000
181	-2.878616
182	-7.105470
183	-13.172294
184	-19.122254
185	-22.953863
186	-24.979567
187	-26.081015
188	-26.750958
189	-27.200994
190	-27.525062
191	-27.771379
192	-27.968839
193	-28.137094
194	-28.291069
195	-28.443480
196	-28.606617
197	-28.793960
198	-29.022019
199	-29.312910
200	-29.698581
201	-30.229101
202	-30.991996
203	-32.163993
204	-34.153407
205	-37.924779
206	-45.210278
207	-56.585301
208	-67.959746
209	-75.243476
210	-79.011780
211	-80.996637
212	-82.162306
213	-82.916702
214	-83.436008
215	-83.807020
216	-84.078824
217	-84.282049
218	-84.437022
219	-84.557813
220	-84.654522
221	-84.734686
222	-84.804218
223	-84.868055
224	-84.930672
225	-84.996531
226	-85.070538
227	-85.158610
228	-85.268442
229	-85.410705
230	-85.601103
231	-85.864475
232	-86.244440
233	-86.829257
234	-87.823001
235	-89.707880
236	-93.349925
237	-99.036792
238	-104.723390
239	-108.364613
240	-110.248067
241	-111.239699
242	-111.821593
243	-112.197650
244	-112.455893
245	-112.639636
246	-112.773314
247	-112.872109
248	-112.946009
249	-113.001825
250	-113.044316
251	-113.076870
252	-113.101940
253	-113.121327
254	-113.136367
255	-113.148066
256	-113.157183
257	-113.164299
258	-113.169857
259	-113.174202
260	-113.177597
261	-113.180248
262	-113.182314
263	-113.183918
264	-113.185156
265	-113.186100
266	-113.186806
267	-113.187317
268	-113.187662
269	-113.187861
270	-113.187926
271	-113.187861
272	-113.187662
273	-113.187317
274	-113.186806
275	-113.186100
276	-113.185156
277	-113.183918
278	-113.182314
279	-113.180248
280	-113.177597
281	-113.174202
282	-113.169857
283	-113.164299
284	-113.157183
285	-113.148066
286	-113.136367
287	-113.121327
288	-113.101940
289	-113.076870
290	-113.044316
291	-113.001825
292	-112.946009
293	-112.872109
294	-112.773314
295	-112.639636
296	-112.455893
297	-112.197650
298	-111.821593
299	-111.239699
300	-110.248067
301	-108.364613
302	-104.723390
303	-99.036792
304	-93.349925
305	-89.707880
306	-87.823001
307	-86.829257
308	-86.244440
309	-85.864475
310	-85.601103
311	-85.410705
312	-85.268442
313	-85.158610
314	-85.070538
315	-84.996531
316	-84.930672
317	-84.868055
318	-84.804218
319	-84.734686
320	-84.654522
321	-84.557813
322	-84.437022
323	-84.282049
324	-84.078824
325	-83.807020
326	-83.436008
327	-82.916702
328	-82.162306
329	-80.996637
330	-79.011780
331	-75.243476
332	-67.959746
333	-56.585301
334	-45.210278
335	-37.924779
336	-34.153407
337	-32.163993
338	-30.991996
339	-30.229101
340	-29.698581
341	-29.312910
342	-29.022019
343	-28.793960
344	-28.606617
345	-28.443480
346	-28.291069
347	-28.137094
348	-27.968839
349	-27.771379
350	-27.525062
351	-27.200994
352	-26.750958
353	-26.081015
354	-24.979567
355	-22.953863
356	-19.122254
357	-13.172294
358	-7.105470
359	-2.878616
360	0.000000
Phase Voltage ea
0	110.248067
1	114.118315
2	118.927063
3	125.369944
4	131.578147
5	135.593499
6	137.752882
7	138.953123
8	139.696967
9	140.202819
10	140.569378
11	140.848249
12	141.070780
13	141.258421
14	141.427437
15	141.591546
16	141.763800
17	141.958258
18	142.191877
19	142.487112
20	142.876179
21	143.409349
22	144.174310
23	145.347912
24	147.338563
25	151.110879
26	158.397084
27	169.772618
28	181.147408
29	188.431337
30	192.199707
31	194.184498
32	195.349968
33	196.104019
34	196.622814
35	196.993120
36	197.263980
37	197.465967
38	197.619336
39	197.738061
40	197.832119
41	197.908888
42	197.974075
43	198.032353
44	198.087855
45	198.144597
46	198.206906
47	198.279936
48	198.370382
49	198.487575
50	198.645419
51	198.866300
52	199.190449
53	199.701366
54	200.596315
55	202.347515
56	205.805817
57	211.234441
58	216.544983
59	219.604312
60	220.496134
61	219.604312
62	216.544983
63	211.234441
64	205.805817
65	202.347515
66	200.596315
67	199.701366
68	199.190449
69	198.866300
70	198.645419
71	198.487575
72	198.370382
73	198.279936
74	198.206906
75	198.144597
76	198.087855
77	198.032353
78	197.974075
79	197.908888
80	197.832119
81	197.738061
82	197.619336
83	197.465967
84	197.263980
85	196.993120
86	196.622814
87	196.104019
88	195.349968
89	194.184498
90	192.199707
91	188.431337
92	181.147408
93	169.772618
94	158.397084
95	151.110879
96	147.338563
97	145.347912
98	144.174310
99	143.409349
100	142.876179
101	142.487112
102	142.191877
103	141.958258
104	141.763800
105	141.591546
106	141.427437
107	141.258421
108	141.070780
109	140.848249
110	140.569378
111	140.202819
112	139.696967
113	138.953123
114	137.752882
115	135.593499
116	131.578147
117	125.369944
118	118.927063
119	114.118315
120	110.248067
121	105.485997
122	97.617920
123	85.864497
124	74.227670
125	66.754016
126	62.843434
127	60.748242
128	59.493482
129	58.663480
130	58.076042
131	57.639327
132	57.299602
133	57.021515
134	56.779469
135	56.553051
136	56.324055
137	56.074095
138	55.782199
139	55.421776
140	54.955940
141	54.328712
142	53.445026
143	52.118055
144	49.925417
145	45.882241
146	38.225730
147	26.331401
148	14.202560
149	5.753161
150	0.000000
151	-5.753161
152	-14.202560
153	-26.331401
154	-38.225730
155	-45.882241
156	-49.925417
157	-52.118055
158	-53.445026
159	-54.328712
160	-54.955940
161	-55.421776
162	-55.782199
163	-56.074095
164	-56.324055
165	-56.553051
166	-56.779469
167	-57.021515
168	-57.299602
169	-57.639327
170	-58.076042
171	-58.663480
172	-59.493482
173	-60.748242
174	-62.843434
175	-66.754016
176	-74.227670
177	-85.864497
178	-97.617920
179	-105.485997
180	-110.248067
181	-114.118315
182	-118.927063
183	-125.369944
184	-131.578147
185	-135.593499
186	-137.752882
187	-138.953123
188	-139.696967
189	-140.202819
190	-140.569378
191	-140.848249
192	-141.070780
193	-141.258421
194	-141.427437
195	-141.591546
196	-141.763800
197	-141.958258
198	-142.191877
199	-142.487112
200	-142.876179
201	-143.409349
202	-144.174310
203	-145.347912
204	-147.338563
205	-151.110879
206	-158.397084
207	-169.772618
208	-181.147408
209	-188.431337
210	-192.199707
211	-194.184498
212	-195.349968
213	-196.104019
214	-196.622814
215	-196.993120
216	-197.263980
217	-197.465967
218	-197.619336
219	-197.738061
220	-197.832119
221	-197.908888
222	-197.974075
223	-198.032353
224	-198.087855
225	-198.144597
226	-198.206906
227	-198.279936
228	-198.370382
229	-198.487575
230	-198.645419
231	-198.866300
232	-199.190449
233	-199.701366
234	-200.596315
235	-202.347515
236	-205.805817
237	-211.234441
238	-216.544983
239	-219.604312
240	-220.496134
241	-219.604312
242	-216.544983
243	-211.234441
244	-205.805817
245	-202.347515
246	-200.596315
247	-199.701366
248	-199.190449
249	-198.866300
250	-198.645419
251	-198.487575
252	-198.370382
253	-198.279936
254	-198.206906
255	-198.144597
256	-198.087855
257	-198.032353
258	-197.974075
259	-197.908888
260	-197.832119
261	-197.738061
262	-197.619336
263	-197.465967
264	-197.263980
265	-196.993120
266	-196.622814
267	-196.104019
268	-195.349968
269	-194.184498
270	-192.199707
271	-188.431337
272	-181.147408
273	-169.772618
274	-158.397084
275	-151.110879
276	-147.338563
277	-145.347912
278	-144.174310
279	-143.409349
280	-142.876179
281	-142.487112
282	-142.191877
283	-141.958258
284	-141.763800
285	-141.591546
286	-141.427437
287	-141.258421
288	-141.070780
289	-140.848249
290	-140.569378
291	-140.202819
292	-139.696967
293	-138.953123
294	-137.752882
295	-135.593499
296	-131.578147
297	-125.369944
298	-118.927063
299	-114.118315
300	-110.248067
301	-105.485997
302	-97.617920
303	-85.864497
304	-74.227670
305	-66.754016
306	-62.843434
307	-60.748242
308	-59.493482
309	-58.663480
310	-58.076042
311	-57.639327
312	-57.299602
313	-57.021515
314	-56.779469
315	-56.553051
316	-56.324055
317	-56.074095
318	-55.782199
319	-55.421776
320	-54.955940
321	-54.328712
322	-53.445026
323	-52.118055
324	-49.925417
325	-45.882241
326	-38.225730
327	-26.331401
328	-14.202560
329	-5.753161
330	0.000000
331	5.753161
332	14.202560
333	26.331401
334	38.225730
335	45.882241
336	49.925417
337	52.118055
338	53.445026
339	54.328712
340	54.955940
341	55.421776
342	55.782199
343	56.074095
344	56.324055
345	56.553051
346	56.779469
347	57.021515
348	57.299602
349	57.639327
350	58.076042
351	58.663480
352	59.493482
353	60.748242
354	62.843434
355	66.754016
356	74.227670
357	85.864497
358	97.617920
359	105.485997
360	110.248067
Line Voltage eab
