Winding Voltages under Load 
Electric Degree
(Volts)
0	4.00646e-08
0	74.6678
1	74.6678
1	-63.6721
2	-63.6721
3	13.1596
4	19.1229
5	22.9626
6	24.9977
7	26.1091
8	26.7893
9	27.25
10	27.5848
11	27.8422
12	28.051
13	28.2308
14	28.3965
15	28.561
16	28.7366
17	28.9368
18	29.1782
19	29.4832
20	29.8839
21	30.431
22	31.2127
23	32.4074
24	34.4273
25	38.2462
26	45.6143
27	57.1174
28	68.6311
29	76.0231
29	160.441
30	160.441
31	159.785
32	157.685
33	154.092
33	136.158
34	136.158
35	93.5972
36	93.7316
37	93.8295
38	93.9032
39	93.9598
40	94.0043
41	94.0405
42	94.0714
43	94.0995
44	94.1273
45	94.1571
46	94.1917
47	94.2343
48	94.2894
49	94.3627
50	94.4631
51	94.6041
52	94.8089
53	95.1238
54	95.6535
55	96.6422
56	98.5281
57	101.469
58	104.474
59	106.57
60	108
61	109.433
62	111.542
63	114.574
64	117.553
65	119.47
66	120.484
67	121.035
68	121.37
69	121.593
70	121.751
71	121.868
72	121.958
73	122.028
74	122.085
75	122.134
76	122.177
77	122.218
78	122.259
79	122.302
80	122.35
81	122.407
82	122.475
83	122.56
84	122.67
85	122.814
86	123.008
87	123.278
88	123.666
89	124.262
89	55.5593
90	55.5593
91	56.2152
92	58.3155
93	61.9081
93	80.0246
94	80.0246
95	122.403
96	122.269
97	122.171
98	122.097
99	122.04
100	121.996
101	121.96
102	121.929
103	121.901
104	121.873
105	121.843
106	121.808
107	121.766
108	121.711
109	121.637
110	121.537
111	121.396
112	121.191
113	120.876
114	120.347
115	119.358
116	117.472
117	114.531
118	111.526
119	109.43
120	108
121	106.567
122	104.458
123	101.426
124	98.4467
125	96.5298
126	95.5158
127	94.9646
128	94.6301
129	94.4069
130	94.2486
131	94.1317
132	94.0424
133	93.9721
134	93.9148
135	93.8661
136	93.8227
137	93.7818
138	93.7409
139	93.6977
140	93.6495
141	93.5933
142	93.5251
143	93.4398
144	93.3302
145	93.1861
146	92.9918
147	92.7225
148	92.3342
149	91.7377
149	-59.5593
150	-59.5593
151	-60.2152
152	-62.3156
153	-65.9082
153	-40.5439
154	-40.5439
155	37.185
156	33.4857
157	31.5403
158	30.3976
159	29.657
160	29.1453
161	28.7767
162	28.5022
163	28.2903
164	28.1194
165	27.9732
166	27.8386
167	27.7033
168	27.5549
169	27.3785
170	27.1547
171	26.8549
172	26.4311
173	25.7902
174	24.7221
175	22.7377
176	18.96
177	13.0736
178	7.05977
179	2.86329
180	-4.00646e-08
181	-2.86973
182	-7.0913
183	-13.16
184	-19.1229
185	-22.9626
186	-24.9977
187	-26.1091
188	-26.7893
189	-27.2499
190	-27.5848
191	-27.8422
192	-28.0509
193	-28.2307
194	-28.3964
195	-28.5609
196	-28.7365
197	-28.9366
198	-29.1781
199	-29.483
200	-29.8838
201	-30.4308
202	-31.2125
203	-32.4072
204	-34.427
205	-38.2459
206	-45.614
207	-57.117
208	-68.6305
209	-76.0225
209	-160.441
210	-160.441
211	-159.785
212	-157.684
213	-154.092
213	-135.885
214	-135.885
215	-93.597
216	-93.7313
217	-93.8293
218	-93.903
219	-93.9596
220	-94.0041
221	-94.0403
222	-94.0712
223	-94.0994
224	-94.1271
225	-94.1569
226	-94.1915
227	-94.2342
228	-94.2892
229	-94.3626
230	-94.463
231	-94.604
232	-94.8088
233	-95.1238
234	-95.6534
235	-96.6421
236	-98.5281
237	-101.469
238	-104.474
239	-106.57
240	-108
241	-109.433
242	-111.542
243	-114.574
244	-117.553
245	-119.47
246	-120.484
247	-121.035
248	-121.37
249	-121.593
250	-121.751
251	-121.868
252	-121.958
253	-122.028
254	-122.085
255	-122.134
256	-122.177
257	-122.218
258	-122.259
259	-122.302
260	-122.35
261	-122.407
262	-122.475
263	-122.56
264	-122.67
265	-122.814
266	-123.008
267	-123.278
268	-123.666
269	-124.262
269	-55.5593
270	-55.5593
271	-56.2152
272	-58.3156
273	-61.9082
273	-80.1238
274	-80.1238
275	-122.403
276	-122.269
277	-122.171
278	-122.097
279	-122.04
280	-121.996
281	-121.96
282	-121.929
283	-121.901
284	-121.873
285	-121.843
286	-121.808
287	-121.766
288	-121.711
289	-121.637
290	-121.537
291	-121.396
292	-121.191
293	-120.876
294	-120.347
295	-119.358
296	-117.472
297	-114.531
298	-111.526
299	-109.43
300	-108
301	-106.567
302	-104.458
303	-101.426
304	-98.4467
305	-96.5298
306	-95.5158
307	-94.9646
308	-94.6301
309	-94.4069
310	-94.2486
311	-94.1317
312	-94.0424
313	-93.9721
314	-93.9148
315	-93.8661
316	-93.8227
317	-93.7818
318	-93.7409
319	-93.6977
320	-93.6495
321	-93.5933
322	-93.5251
323	-93.4398
324	-93.3302
325	-93.1861
326	-92.9918
327	-92.7225
328	-92.3342
329	-91.7378
329	59.5593
330	59.5593
331	60.2152
332	62.3156
333	65.9082
333	40.4719
334	40.4719
335	-37.1851
336	-33.4858
337	-31.5404
338	-30.3976
339	-29.657
340	-29.1453
341	-28.7768
342	-28.5022
343	-28.2903
344	-28.1194
345	-27.9733
346	-27.8386
347	-27.7033
348	-27.5549
349	-27.3786
350	-27.1548
351	-26.8549
352	-26.4312
353	-25.7902
354	-24.7222
355	-22.7377
356	-18.96
357	-13.0736
358	-7.05977
359	-2.86329
360	4.00646e-08
360	74.6678
Phase Voltage va
0	108
0	220
1	220
1	12.4883
2	12.4883
3	127.734
4	136.676
5	142.433
6	145.482
7	147.145
8	148.159
9	148.843
10	149.336
11	149.711
12	150.009
13	150.259
14	150.482
15	150.695
16	150.914
17	151.155
18	151.437
19	151.786
20	152.234
21	152.838
22	153.688
23	154.968
24	157.097
25	161.06
26	168.623
27	180.395
28	192.297
29	200.286
29	216
30	216
31	216
32	216
33	216
33	216
34	216
35	216
36	216
37	216
38	216
39	216
40	216
41	216
42	216
43	216
44	216
45	216
46	216
47	216
48	216
49	216
50	216
51	216
52	216
53	216
54	216
55	216
56	216
57	216
58	216
59	216
60	216
61	216
62	216
63	216
64	216
65	216
66	216
67	216
68	216
69	216
70	216
71	216
72	216
73	216
74	216
75	216
76	216
77	216
78	216
79	216
80	216
81	216
82	216
83	216
84	216
85	216
86	216
87	216
88	216
89	216
89	-4
90	-4
91	-4
92	-4
93	-4
93	39.3482
94	39.3482
95	159.588
96	155.754
97	153.711
98	152.494
99	151.697
100	151.141
101	150.736
102	150.431
103	150.191
104	149.992
105	149.816
106	149.647
107	149.469
108	149.266
109	149.016
110	148.692
111	148.251
112	147.622
113	146.666
114	145.069
115	142.095
116	136.432
117	127.605
118	118.586
119	112.293
120	108
121	103.697
122	97.3667
123	88.2657
124	79.3238
125	73.5672
126	70.5181
127	68.8555
128	67.8407
129	67.157
130	66.6638
131	66.2895
132	65.9915
133	65.7414
134	65.5184
135	65.3052
136	65.0862
137	64.8451
138	64.5628
139	64.2147
140	63.7657
141	63.1625
142	62.3126
143	61.0326
144	58.9032
145	54.9401
146	47.3778
147	35.6054
148	23.7036
149	15.7152
149	-220
150	-220
151	-220
152	-220
153	-220
153	-176.453
154	-176.453
155	-56.412
156	-60.2457
157	-62.2889
158	-63.5055
159	-64.3027
160	-64.8589
161	-65.2636
162	-65.5691
163	-65.8091
164	-66.0078
165	-66.1837
166	-66.353
167	-66.5309
168	-66.7343
169	-66.9841
170	-67.3083
171	-67.7491
172	-68.3777
173	-69.3336
174	-70.9313
175	-73.9045
176	-79.5681
177	-88.3953
178	-97.414
179	-103.707
180	-108
181	-112.303
182	-118.633
183	-127.734
184	-136.676
185	-142.433
186	-145.482
187	-147.145
188	-148.159
189	-148.843
190	-149.336
191	-149.711
192	-150.009
193	-150.259
194	-150.482
195	-150.695
196	-150.914
197	-151.155
198	-151.437
199	-151.785
200	-152.234
201	-152.838
202	-153.687
203	-154.967
204	-157.097
205	-161.06
206	-168.622
207	-180.395
208	-192.296
209	-200.285
209	-216
210	-216
211	-216
212	-216
213	-216
213	-216
214	-216
215	-216
216	-216
217	-216
218	-216
219	-216
220	-216
221	-216
222	-216
223	-216
224	-216
225	-216
226	-216
227	-216
228	-216
229	-216
230	-216
231	-216
232	-216
233	-216
234	-216
235	-216
236	-216
237	-216
238	-216
239	-216
240	-216
241	-216
242	-216
243	-216
244	-216
245	-216
246	-216
247	-216
248	-216
249	-216
250	-216
251	-216
252	-216
253	-216
254	-216
255	-216
256	-216
257	-216
258	-216
259	-216
260	-216
261	-216
262	-216
263	-216
264	-216
265	-216
266	-216
267	-216
268	-216
269	-216
269	4
270	4
271	4
272	4
273	4
273	-39.6455
274	-39.6455
275	-159.588
276	-155.754
277	-153.711
278	-152.495
279	-151.697
280	-151.141
281	-150.736
282	-150.431
283	-150.191
284	-149.992
285	-149.816
286	-149.647
287	-149.469
288	-149.266
289	-149.016
290	-148.692
291	-148.251
292	-147.622
293	-146.666
294	-145.069
295	-142.096
296	-136.432
297	-127.605
298	-118.586
299	-112.293
300	-108
301	-103.697
302	-97.3667
303	-88.2657
304	-79.3238
305	-73.5672
306	-70.5181
307	-68.8555
308	-67.8407
309	-67.157
310	-66.6638
311	-66.2895
312	-65.9915
313	-65.7415
314	-65.5184
315	-65.3052
316	-65.0862
317	-64.8451
318	-64.5629
319	-64.2147
320	-63.7658
321	-63.1625
322	-62.3126
323	-61.0326
324	-58.9032
325	-54.9402
326	-47.3778
327	-35.6055
328	-23.7037
329	-15.7153
329	220
330	220
331	220
332	220
333	220
333	176.345
334	176.345
335	56.4119
336	60.2456
337	62.2888
338	63.5054
339	64.3026
340	64.8588
341	65.2636
342	65.569
343	65.809
344	66.0077
345	66.1837
346	66.3529
347	66.5308
348	66.7343
349	66.984
350	67.3082
351	67.749
352	68.3777
353	69.3335
354	70.9312
355	73.9044
356	79.5681
357	88.3952
358	97.4139
359	103.707
360	108
360	220
Line Voltage vab
