Induced Winding Voltages at Rated Speed
Electric Degree
(Volts)
0	0.000000
1	2.845689
2	7.024195
3	13.021624
4	18.903526
5	22.691307
6	24.693840
7	25.782689
8	26.444969
9	26.889858
10	27.210218
11	27.453718
12	27.648920
13	27.815250
14	27.967464
15	28.118131
16	28.279403
17	28.464602
18	28.690053
19	28.977616
20	29.358877
21	29.883328
22	30.637496
23	31.796088
24	33.762746
25	37.490980
26	44.693143
27	55.938054
28	67.182394
29	74.382809
30	78.108010
31	80.070163
32	81.222499
33	81.968265
34	82.481632
35	82.848400
36	83.117095
37	83.317995
38	83.471195
39	83.590605
40	83.686207
41	83.765455
42	83.834191
43	83.897298
44	83.959200
45	84.024305
46	84.097466
47	84.184529
48	84.293105
49	84.433741
50	84.621962
51	84.882320
52	85.257940
53	85.836067
54	86.818444
55	88.681763
56	92.282149
57	97.903967
58	103.525520
59	107.125092
60	108.987003
61	109.967293
62	110.542530
63	110.914285
64	111.169575
65	111.351216
66	111.483366
67	111.581030
68	111.654084
69	111.709262
70	111.751267
71	111.783449
72	111.808233
73	111.827397
74	111.842266
75	111.853830
76	111.862843
77	111.869878
78	111.875373
79	111.879668
80	111.883024
81	111.885645
82	111.887687
83	111.889273
84	111.890496
85	111.891429
86	111.892128
87	111.892633
88	111.892973
89	111.893170
90	111.893235
91	111.893170
92	111.892973
93	111.892633
94	111.892128
95	111.891429
96	111.890496
97	111.889273
98	111.887687
99	111.885645
100	111.883024
101	111.879668
102	111.875373
103	111.869878
104	111.862843
105	111.853830
106	111.842266
107	111.827397
108	111.808233
109	111.783449
110	111.751267
111	111.709262
112	111.654084
113	111.581030
114	111.483366
115	111.351216
116	111.169575
117	110.914285
118	110.542530
119	109.967293
120	108.987003
121	107.125092
122	103.525520
123	97.903967
124	92.282149
125	88.681763
126	86.818444
127	85.836067
128	85.257940
129	84.882320
130	84.621962
131	84.433741
132	84.293105
133	84.184529
134	84.097466
135	84.024305
136	83.959200
137	83.897298
138	83.834191
139	83.765455
140	83.686207
141	83.590605
142	83.471195
143	83.317995
144	83.117095
145	82.848400
146	82.481632
147	81.968265
148	81.222499
149	80.070163
150	78.108010
151	74.382809
152	67.182394
153	55.938054
154	44.693143
155	37.490980
156	33.762746
157	31.796088
158	30.637496
159	29.883328
160	29.358877
161	28.977616
162	28.690053
163	28.464602
164	28.279403
165	28.118131
166	27.967464
167	27.815250
168	27.648920
169	27.453718
170	27.210218
171	26.889858
172	26.444969
173	25.782689
174	24.693840
175	22.691307
176	18.903526
177	13.021624
178	7.024195
179	2.845689
180	0.000000
181	-2.845689
182	-7.024195
183	-13.021624
184	-18.903526
185	-22.691307
186	-24.693840
187	-25.782689
188	-26.444969
189	-26.889858
190	-27.210218
191	-27.453718
192	-27.648920
193	-27.815250
194	-27.967464
195	-28.118131
196	-28.279403
197	-28.464602
198	-28.690053
199	-28.977616
200	-29.358877
201	-29.883328
202	-30.637496
203	-31.796088
204	-33.762746
205	-37.490980
206	-44.693143
207	-55.938054
208	-67.182394
209	-74.382809
210	-78.108010
211	-80.070163
212	-81.222499
213	-81.968265
214	-82.481632
215	-82.848400
216	-83.117095
217	-83.317995
218	-83.471195
219	-83.590605
220	-83.686207
221	-83.765455
222	-83.834191
223	-83.897298
224	-83.959200
225	-84.024305
226	-84.097466
227	-84.184529
228	-84.293105
229	-84.433741
230	-84.621962
231	-84.882320
232	-85.257940
233	-85.836067
234	-86.818444
235	-88.681763
236	-92.282149
237	-97.903967
238	-103.525520
239	-107.125092
240	-108.987003
241	-109.967293
242	-110.542530
243	-110.914285
244	-111.169575
245	-111.351216
246	-111.483366
247	-111.581030
248	-111.654084
249	-111.709262
250	-111.751267
251	-111.783449
252	-111.808233
253	-111.827397
254	-111.842266
255	-111.853830
256	-111.862843
257	-111.869878
258	-111.875373
259	-111.879668
260	-111.883024
261	-111.885645
262	-111.887687
263	-111.889273
264	-111.890496
265	-111.891429
266	-111.892128
267	-111.892633
268	-111.892973
269	-111.893170
270	-111.893235
271	-111.893170
272	-111.892973
273	-111.892633
274	-111.892128
275	-111.891429
276	-111.890496
277	-111.889273
278	-111.887687
279	-111.885645
280	-111.883024
281	-111.879668
282	-111.875373
283	-111.869878
284	-111.862843
285	-111.853830
286	-111.842266
287	-111.827397
288	-111.808233
289	-111.783449
290	-111.751267
291	-111.709262
292	-111.654084
293	-111.581030
294	-111.483366
295	-111.351216
296	-111.169575
297	-110.914285
298	-110.542530
299	-109.967293
300	-108.987003
301	-107.125092
302	-103.525520
303	-97.903967
304	-92.282149
305	-88.681763
306	-86.818444
307	-85.836067
308	-85.257940
309	-84.882320
310	-84.621962
311	-84.433741
312	-84.293105
313	-84.184529
314	-84.097466
315	-84.024305
316	-83.959200
317	-83.897298
318	-83.834191
319	-83.765455
320	-83.686207
321	-83.590605
322	-83.471195
323	-83.317995
324	-83.117095
325	-82.848400
326	-82.481632
327	-81.968265
328	-81.222499
329	-80.070163
330	-78.108010
331	-74.382809
332	-67.182394
333	-55.938054
334	-44.693143
335	-37.490980
336	-33.762746
337	-31.796088
338	-30.637496
339	-29.883328
340	-29.358877
341	-28.977616
342	-28.690053
343	-28.464602
344	-28.279403
345	-28.118131
346	-27.967464
347	-27.815250
348	-27.648920
349	-27.453718
350	-27.210218
351	-26.889858
352	-26.444969
353	-25.782689
354	-24.693840
355	-22.691307
356	-18.903526
357	-13.021624
358	-7.024195
359	-2.845689
360	0.000000
Phase Voltage ea
0	108.987003
1	112.812981
2	117.566725
3	123.935909
4	130.073100
5	134.042523
6	136.177206
7	137.363719
8	138.099054
9	138.599120
10	138.961486
11	139.237167
12	139.457152
13	139.642648
14	139.809730
15	139.971962
16	140.142246
17	140.334480
18	140.565426
19	140.857284
20	141.241901
21	141.768973
22	142.525184
23	143.685361
24	145.653242
25	149.382409
26	156.585271
27	167.830687
28	179.075368
29	186.275980
30	190.001245
31	191.963334
32	193.115472
33	193.860898
34	194.373759
35	194.739829
36	195.007591
37	195.207268
38	195.358882
39	195.476250
40	195.569231
41	195.645123
42	195.709564
43	195.767176
44	195.822043
45	195.878135
46	195.939731
47	196.011927
48	196.101338
49	196.217191
50	196.373229
51	196.591583
52	196.912024
53	197.417097
54	198.301810
55	200.032979
56	203.451723
57	208.818252
58	214.068050
59	217.092385
60	217.974006
61	217.092385
62	214.068050
63	208.818252
64	203.451723
65	200.032979
66	198.301810
67	197.417097
68	196.912024
69	196.591583
70	196.373229
71	196.217191
72	196.101338
73	196.011927
74	195.939731
75	195.878135
76	195.822043
77	195.767176
78	195.709564
79	195.645123
80	195.569231
81	195.476250
82	195.358882
83	195.207268
84	195.007591
85	194.739829
86	194.373759
87	193.860898
88	193.115472
89	191.963334
90	190.001245
91	186.275980
92	179.075368
93	167.830687
94	156.585271
95	149.382409
96	145.653242
97	143.685361
98	142.525184
99	141.768973
100	141.241901
101	140.857284
102	140.565426
103	140.334480
104	140.142246
105	139.971962
106	139.809730
107	139.642648
108	139.457152
109	139.237167
110	138.961486
111	138.599120
112	138.099054
113	137.363719
114	136.177206
115	134.042523
116	130.073100
117	123.935909
118	117.566725
119	112.812981
120	108.987003
121	104.279404
122	96.501325
123	84.882343
124	73.378623
125	65.990455
126	62.124604
127	60.053378
128	58.812970
129	57.992462
130	57.411743
131	56.980024
132	56.644185
133	56.369279
134	56.130001
135	55.906173
136	55.679797
137	55.432696
138	55.144138
139	54.787839
140	54.327331
141	53.707277
142	52.833699
143	51.521907
144	49.354349
145	45.357420
146	37.788488
147	26.030211
148	14.040105
149	5.687354
150	0.000000
151	-5.687354
152	-14.040105
153	-26.030211
154	-37.788488
155	-45.357420
156	-49.354349
157	-51.521907
158	-52.833699
159	-53.707277
160	-54.327331
161	-54.787839
162	-55.144138
163	-55.432696
164	-55.679797
165	-55.906173
166	-56.130001
167	-56.369279
168	-56.644185
169	-56.980024
170	-57.411743
171	-57.992462
172	-58.812970
173	-60.053378
174	-62.124604
175	-65.990455
176	-73.378623
177	-84.882343
178	-96.501325
179	-104.279404
180	-108.987003
181	-112.812981
182	-117.566725
183	-123.935909
184	-130.073100
185	-134.042523
186	-136.177206
187	-137.363719
188	-138.099054
189	-138.599120
190	-138.961486
191	-139.237167
192	-139.457152
193	-139.642648
194	-139.809730
195	-139.971962
196	-140.142246
197	-140.334480
198	-140.565426
199	-140.857284
200	-141.241901
201	-141.768973
202	-142.525184
203	-143.685361
204	-145.653242
205	-149.382409
206	-156.585271
207	-167.830687
208	-179.075368
209	-186.275980
210	-190.001245
211	-191.963334
212	-193.115472
213	-193.860898
214	-194.373759
215	-194.739829
216	-195.007591
217	-195.207268
218	-195.358882
219	-195.476250
220	-195.569231
221	-195.645123
222	-195.709564
223	-195.767176
224	-195.822043
225	-195.878135
226	-195.939731
227	-196.011927
228	-196.101338
229	-196.217191
230	-196.373229
231	-196.591583
232	-196.912024
233	-197.417097
234	-198.301810
235	-200.032979
236	-203.451723
237	-208.818252
238	-214.068050
239	-217.092385
240	-217.974006
241	-217.092385
242	-214.068050
243	-208.818252
244	-203.451723
245	-200.032979
246	-198.301810
247	-197.417097
248	-196.912024
249	-196.591583
250	-196.373229
251	-196.217191
252	-196.101338
253	-196.011927
254	-195.939731
255	-195.878135
256	-195.822043
257	-195.767176
258	-195.709564
259	-195.645123
260	-195.569231
261	-195.476250
262	-195.358882
263	-195.207268
264	-195.007591
265	-194.739829
266	-194.373759
267	-193.860898
268	-193.115472
269	-191.963334
270	-190.001245
271	-186.275980
272	-179.075368
273	-167.830687
274	-156.585271
275	-149.382409
276	-145.653242
277	-143.685361
278	-142.525184
279	-141.768973
280	-141.241901
281	-140.857284
282	-140.565426
283	-140.334480
284	-140.142246
285	-139.971962
286	-139.809730
287	-139.642648
288	-139.457152
289	-139.237167
290	-138.961486
291	-138.599120
292	-138.099054
293	-137.363719
294	-136.177206
295	-134.042523
296	-130.073100
297	-123.935909
298	-117.566725
299	-112.812981
300	-108.987003
301	-104.279404
302	-96.501325
303	-84.882343
304	-73.378623
305	-65.990455
306	-62.124604
307	-60.053378
308	-58.812970
309	-57.992462
310	-57.411743
311	-56.980024
312	-56.644185
313	-56.369279
314	-56.130001
315	-55.906173
316	-55.679797
317	-55.432696
318	-55.144138
319	-54.787839
320	-54.327331
321	-53.707277
322	-52.833699
323	-51.521907
324	-49.354349
325	-45.357420
326	-37.788488
327	-26.030211
328	-14.040105
329	-5.687354
330	0.000000
331	5.687354
332	14.040105
333	26.030211
334	37.788488
335	45.357420
336	49.354349
337	51.521907
338	52.833699
339	53.707277
340	54.327331
341	54.787839
342	55.144138
343	55.432696
344	55.679797
345	55.906173
346	56.130001
347	56.369279
348	56.644185
349	56.980024
350	57.411743
351	57.992462
352	58.812970
353	60.053378
354	62.124604
355	65.990455
356	73.378623
357	84.882343
358	96.501325
359	104.279404
360	108.987003
Line Voltage eab
