Induced Coil Voltages at Rated Speed
Electric Degree
(Volts)
0	0.000000
1	-0.000023
2	-0.000047
3	-0.000074
4	-0.000105
5	-0.000143
6	-0.000189
7	-0.000246
8	-0.000318
9	-0.000410
10	-0.000526
11	-0.000676
12	-0.000868
13	-0.001116
14	-0.001438
15	-0.001858
16	-0.002409
17	-0.003139
18	-0.004115
19	-0.005435
20	-0.007250
21	-0.009800
22	-0.013515
23	-0.019264
24	-0.029062
25	-0.047675
26	-0.083663
27	-0.139869
28	-0.196075
29	-0.232063
30	-0.250676
31	-0.260474
32	-0.266223
33	-0.269938
34	-0.272488
35	-0.274303
36	-0.275623
37	-0.276599
38	-0.277328
39	-0.277879
40	-0.278299
41	-0.278620
42	-0.278868
43	-0.279059
44	-0.279208
45	-0.279323
46	-0.279414
47	-0.279484
48	-0.279539
49	-0.279582
50	-0.279616
51	-0.279642
52	-0.279663
53	-0.279679
54	-0.279692
55	-0.279702
56	-0.279710
57	-0.279716
58	-0.279721
59	-0.279725
60	-0.279728
61	-0.279730
62	-0.279732
63	-0.279733
64	-0.279734
65	-0.279735
66	-0.279736
67	-0.279737
68	-0.279737
69	-0.279737
70	-0.279738
71	-0.279738
72	-0.279738
73	-0.279738
74	-0.279738
75	-0.279738
76	-0.279738
77	-0.279738
78	-0.279738
79	-0.279738
80	-0.279738
81	-0.279739
82	-0.279739
83	-0.279739
84	-0.279739
85	-0.279739
86	-0.279739
87	-0.279739
88	-0.279739
89	-0.279739
90	-0.279739
91	-0.279739
92	-0.279739
93	-0.279739
94	-0.279739
95	-0.279739
96	-0.279739
97	-0.279739
98	-0.279739
99	-0.279739
100	-0.279738
101	-0.279738
102	-0.279738
103	-0.279738
104	-0.279738
105	-0.279738
106	-0.279738
107	-0.279738
108	-0.279738
109	-0.279738
110	-0.279738
111	-0.279737
112	-0.279737
113	-0.279737
114	-0.279736
115	-0.279735
116	-0.279734
117	-0.279733
118	-0.279732
119	-0.279730
120	-0.279728
121	-0.279725
122	-0.279721
123	-0.279716
124	-0.279710
125	-0.279702
126	-0.279692
127	-0.279679
128	-0.279663
129	-0.279642
130	-0.279616
131	-0.279582
132	-0.279539
133	-0.279484
134	-0.279414
135	-0.279323
136	-0.279208
137	-0.279059
138	-0.278868
139	-0.278620
140	-0.278299
141	-0.277879
142	-0.277328
143	-0.276599
144	-0.275623
145	-0.274303
146	-0.272488
147	-0.269938
148	-0.266223
149	-0.260474
150	-0.250676
151	-0.232063
152	-0.196075
153	-0.139869
154	-0.083663
155	-0.047675
156	-0.029062
157	-0.019264
158	-0.013515
159	-0.009800
160	-0.007250
161	-0.005435
162	-0.004115
163	-0.003139
164	-0.002409
165	-0.001858
166	-0.001438
167	-0.001116
168	-0.000868
169	-0.000676
170	-0.000526
171	-0.000410
172	-0.000318
173	-0.000246
174	-0.000189
175	-0.000143
176	-0.000105
177	-0.000074
178	-0.000047
179	-0.000023
180	0.000000
181	0.000023
182	0.000047
183	0.000074
184	0.000105
185	0.000143
186	0.000189
187	0.000246
188	0.000318
189	0.000410
190	0.000526
191	0.000676
192	0.000868
193	0.001116
194	0.001438
195	0.001858
196	0.002409
197	0.003139
198	0.004115
199	0.005435
200	0.007250
201	0.009800
202	0.013515
203	0.019264
204	0.029062
205	0.047675
206	0.083663
207	0.139869
208	0.196075
209	0.232063
210	0.250676
211	0.260474
212	0.266223
213	0.269938
214	0.272488
215	0.274303
216	0.275623
217	0.276599
218	0.277328
219	0.277879
220	0.278299
221	0.278620
222	0.278868
223	0.279059
224	0.279208
225	0.279323
226	0.279414
227	0.279484
228	0.279539
229	0.279582
230	0.279616
231	0.279642
232	0.279663
233	0.279679
234	0.279692
235	0.279702
236	0.279710
237	0.279716
238	0.279721
239	0.279725
240	0.279728
241	0.279730
242	0.279732
243	0.279733
244	0.279734
245	0.279735
246	0.279736
247	0.279737
248	0.279737
249	0.279737
250	0.279738
251	0.279738
252	0.279738
253	0.279738
254	0.279738
255	0.279738
256	0.279738
257	0.279738
258	0.279738
259	0.279738
260	0.279738
261	0.279739
262	0.279739
263	0.279739
264	0.279739
265	0.279739
266	0.279739
267	0.279739
268	0.279739
269	0.279739
270	0.279739
271	0.279739
272	0.279739
273	0.279739
274	0.279739
275	0.279739
276	0.279739
277	0.279739
278	0.279739
279	0.279739
280	0.279738
281	0.279738
282	0.279738
283	0.279738
284	0.279738
285	0.279738
286	0.279738
287	0.279738
288	0.279738
289	0.279738
290	0.279738
291	0.279737
292	0.279737
293	0.279737
294	0.279736
295	0.279735
296	0.279734
297	0.279733
298	0.279732
299	0.279730
300	0.279728
301	0.279725
302	0.279721
303	0.279716
304	0.279710
305	0.279702
306	0.279692
307	0.279679
308	0.279663
309	0.279642
310	0.279616
311	0.279582
312	0.279539
313	0.279484
314	0.279414
315	0.279323
316	0.279208
317	0.279059
318	0.278868
319	0.278620
320	0.278299
321	0.277879
322	0.277328
323	0.276599
324	0.275623
325	0.274303
326	0.272488
327	0.269938
328	0.266223
329	0.260474
330	0.250676
331	0.232063
332	0.196075
333	0.139869
334	0.083663
335	0.047675
336	0.029062
337	0.019264
338	0.013515
339	0.009800
340	0.007250
341	0.005435
342	0.004115
343	0.003139
344	0.002409
345	0.001858
346	0.001438
347	0.001116
348	0.000868
349	0.000676
350	0.000526
351	0.000410
352	0.000318
353	0.000246
354	0.000189
355	0.000143
356	0.000105
357	0.000074
358	0.000047
359	0.000023
360	-0.000000
One-Conductor Voltage
0	0.250676
1	0.232040
2	0.196028
3	0.139795
4	0.083558
5	0.047533
6	0.028873
7	0.019018
8	0.013197
9	0.009391
10	0.006723
11	0.004759
12	0.003247
13	0.002023
14	0.000971
15	0.000000
16	-0.000971
17	-0.002023
18	-0.003247
19	-0.004759
20	-0.006723
21	-0.009391
22	-0.013197
23	-0.019018
24	-0.028873
25	-0.047533
26	-0.083558
27	-0.139795
28	-0.196028
29	-0.232040
30	-0.250676
31	-0.260497
32	-0.266270
33	-0.270012
34	-0.272594
35	-0.274446
36	-0.275812
37	-0.276845
38	-0.277647
39	-0.278289
40	-0.278825
41	-0.279296
42	-0.279736
43	-0.280176
44	-0.280646
45	-0.281181
46	-0.281823
47	-0.282623
48	-0.283654
49	-0.285017
50	-0.286865
51	-0.289443
52	-0.293178
53	-0.298943
54	-0.308754
55	-0.327377
56	-0.363373
57	-0.419585
58	-0.475796
59	-0.511788
60	-0.530404
61	-0.540204
62	-0.545955
63	-0.549671
64	-0.552223
65	-0.554038
66	-0.555359
67	-0.556335
68	-0.557065
69	-0.557617
70	-0.558037
71	-0.558358
72	-0.558606
73	-0.558797
74	-0.558946
75	-0.559062
76	-0.559152
77	-0.559222
78	-0.559277
79	-0.559320
80	-0.559354
81	-0.559381
82	-0.559401
83	-0.559418
84	-0.559430
85	-0.559440
86	-0.559448
87	-0.559455
88	-0.559459
89	-0.559463
90	-0.559466
91	-0.559469
92	-0.559470
93	-0.559472
94	-0.559473
95	-0.559474
96	-0.559475
97	-0.559475
98	-0.559476
99	-0.559476
100	-0.559476
101	-0.559476
102	-0.559476
103	-0.559476
104	-0.559477
105	-0.559477
106	-0.559477
107	-0.559476
108	-0.559476
109	-0.559476
110	-0.559476
111	-0.559476
112	-0.559476
113	-0.559475
114	-0.559475
115	-0.559474
116	-0.559473
117	-0.559472
118	-0.559470
119	-0.559469
120	-0.559466
121	-0.559463
122	-0.559459
123	-0.559455
124	-0.559448
125	-0.559440
126	-0.559430
127	-0.559418
128	-0.559401
129	-0.559381
130	-0.559354
131	-0.559320
132	-0.559277
133	-0.559222
134	-0.559152
135	-0.559062
136	-0.558946
137	-0.558797
138	-0.558606
139	-0.558358
140	-0.558037
141	-0.557617
142	-0.557065
143	-0.556335
144	-0.555359
145	-0.554038
146	-0.552223
147	-0.549671
148	-0.545955
149	-0.540204
150	-0.530404
151	-0.511788
152	-0.475796
153	-0.419585
154	-0.363373
155	-0.327377
156	-0.308754
157	-0.298943
158	-0.293178
159	-0.289443
160	-0.286865
161	-0.285017
162	-0.283654
163	-0.282623
164	-0.281823
165	-0.281181
166	-0.280646
167	-0.280176
168	-0.279736
169	-0.279296
170	-0.278825
171	-0.278289
172	-0.277647
173	-0.276845
174	-0.275812
175	-0.274446
176	-0.272594
177	-0.270012
178	-0.266270
179	-0.260497
180	-0.250676
181	-0.232040
182	-0.196028
183	-0.139795
184	-0.083558
185	-0.047533
186	-0.028873
187	-0.019018
188	-0.013197
189	-0.009391
190	-0.006723
191	-0.004759
192	-0.003247
193	-0.002023
194	-0.000971
195	0.000000
196	0.000971
197	0.002023
198	0.003247
199	0.004759
200	0.006723
201	0.009391
202	0.013197
203	0.019018
204	0.028873
205	0.047533
206	0.083558
207	0.139795
208	0.196028
209	0.232040
210	0.250676
211	0.260497
212	0.266270
213	0.270012
214	0.272594
215	0.274446
216	0.275812
217	0.276845
218	0.277647
219	0.278289
220	0.278825
221	0.279296
222	0.279736
223	0.280176
224	0.280646
225	0.281181
226	0.281823
227	0.282623
228	0.283654
229	0.285017
230	0.286865
231	0.289443
232	0.293178
233	0.298943
234	0.308754
235	0.327377
236	0.363373
237	0.419585
238	0.475796
239	0.511788
240	0.530404
241	0.540204
242	0.545955
243	0.549671
244	0.552223
245	0.554038
246	0.555359
247	0.556335
248	0.557065
249	0.557617
250	0.558037
251	0.558358
252	0.558606
253	0.558797
254	0.558946
255	0.559062
256	0.559152
257	0.559222
258	0.559277
259	0.559320
260	0.559354
261	0.559381
262	0.559401
263	0.559418
264	0.559430
265	0.559440
266	0.559448
267	0.559455
268	0.559459
269	0.559463
270	0.559466
271	0.559469
272	0.559470
273	0.559472
274	0.559473
275	0.559474
276	0.559475
277	0.559475
278	0.559476
279	0.559476
280	0.559476
281	0.559476
282	0.559476
283	0.559476
284	0.559477
285	0.559477
286	0.559477
287	0.559476
288	0.559476
289	0.559476
290	0.559476
291	0.559476
292	0.559476
293	0.559475
294	0.559475
295	0.559474
296	0.559473
297	0.559472
298	0.559470
299	0.559469
300	0.559466
301	0.559463
302	0.559459
303	0.559455
304	0.559448
305	0.559440
306	0.559430
307	0.559418
308	0.559401
309	0.559381
310	0.559354
311	0.559320
312	0.559277
313	0.559222
314	0.559152
315	0.559062
316	0.558946
317	0.558797
318	0.558606
319	0.558358
320	0.558037
321	0.557617
322	0.557065
323	0.556335
324	0.555359
325	0.554038
326	0.552223
327	0.549671
328	0.545955
329	0.540204
330	0.530404
331	0.511788
332	0.475796
333	0.419585
334	0.363373
335	0.327377
336	0.308754
337	0.298943
338	0.293178
339	0.289443
340	0.286865
341	0.285017
342	0.283654
343	0.282623
344	0.281823
345	0.281181
346	0.280646
347	0.280176
348	0.279736
349	0.279296
350	0.278825
351	0.278289
352	0.277647
353	0.276845
354	0.275812
355	0.274446
356	0.272594
357	0.270012
358	0.266270
359	0.260497
360	0.250676
One-Turn Voltage
