Air-Gap Flux Density 
Electric Degree
(Tesla)
0	0.000000
1	-0.000063
2	-0.000130
3	-0.000205
4	-0.000292
5	-0.000396
6	-0.000524
7	-0.000683
8	-0.000883
9	-0.001137
10	-0.001461
11	-0.001875
12	-0.002409
13	-0.003097
14	-0.003990
15	-0.005155
16	-0.006685
17	-0.008710
18	-0.011417
19	-0.015080
20	-0.020116
21	-0.027193
22	-0.037500
23	-0.053451
24	-0.080637
25	-0.132283
26	-0.232137
27	-0.388089
28	-0.544041
29	-0.643895
30	-0.695540
31	-0.722727
32	-0.738678
33	-0.748985
34	-0.756062
35	-0.761097
36	-0.764759
37	-0.767466
38	-0.769491
39	-0.771020
40	-0.772184
41	-0.773076
42	-0.773763
43	-0.774294
44	-0.774706
45	-0.775027
46	-0.775277
47	-0.775472
48	-0.775624
49	-0.775744
50	-0.775837
51	-0.775911
52	-0.775968
53	-0.776013
54	-0.776049
55	-0.776077
56	-0.776099
57	-0.776116
58	-0.776129
59	-0.776140
60	-0.776148
61	-0.776155
62	-0.776160
63	-0.776164
64	-0.776167
65	-0.776169
66	-0.776171
67	-0.776173
68	-0.776174
69	-0.776175
70	-0.776176
71	-0.776176
72	-0.776177
73	-0.776177
74	-0.776177
75	-0.776178
76	-0.776178
77	-0.776178
78	-0.776178
79	-0.776178
80	-0.776178
81	-0.776178
82	-0.776178
83	-0.776178
84	-0.776178
85	-0.776178
86	-0.776178
87	-0.776178
88	-0.776178
89	-0.776178
90	-0.776178
91	-0.776178
92	-0.776178
93	-0.776178
94	-0.776178
95	-0.776178
96	-0.776178
97	-0.776178
98	-0.776178
99	-0.776178
100	-0.776178
101	-0.776178
102	-0.776178
103	-0.776178
104	-0.776178
105	-0.776178
106	-0.776177
107	-0.776177
108	-0.776177
109	-0.776176
110	-0.776176
111	-0.776175
112	-0.776174
113	-0.776173
114	-0.776171
115	-0.776169
116	-0.776167
117	-0.776164
118	-0.776160
119	-0.776155
120	-0.776148
121	-0.776140
122	-0.776129
123	-0.776116
124	-0.776099
125	-0.776077
126	-0.776049
127	-0.776013
128	-0.775968
129	-0.775911
130	-0.775837
131	-0.775744
132	-0.775624
133	-0.775472
134	-0.775277
135	-0.775027
136	-0.774706
137	-0.774294
138	-0.773763
139	-0.773076
140	-0.772184
141	-0.771020
142	-0.769491
143	-0.767466
144	-0.764759
145	-0.761097
146	-0.756062
147	-0.748985
148	-0.738678
149	-0.722727
150	-0.695540
151	-0.643895
152	-0.544041
153	-0.388089
154	-0.232137
155	-0.132283
156	-0.080637
157	-0.053451
158	-0.037500
159	-0.027193
160	-0.020116
161	-0.015080
162	-0.011417
163	-0.008710
164	-0.006685
165	-0.005155
166	-0.003990
167	-0.003097
168	-0.002409
169	-0.001875
170	-0.001461
171	-0.001137
172	-0.000883
173	-0.000683
174	-0.000524
175	-0.000396
176	-0.000292
177	-0.000205
178	-0.000130
179	-0.000063
180	0.000000
181	0.000063
182	0.000130
183	0.000205
184	0.000292
185	0.000396
186	0.000524
187	0.000683
188	0.000883
189	0.001137
190	0.001461
191	0.001875
192	0.002409
193	0.003097
194	0.003990
195	0.005155
196	0.006685
197	0.008710
198	0.011417
199	0.015080
200	0.020116
201	0.027193
202	0.037500
203	0.053451
204	0.080637
205	0.132283
206	0.232137
207	0.388089
208	0.544041
209	0.643895
210	0.695540
211	0.722727
212	0.738678
213	0.748985
214	0.756062
215	0.761097
216	0.764759
217	0.767466
218	0.769491
219	0.771020
220	0.772184
221	0.773076
222	0.773763
223	0.774294
224	0.774706
225	0.775027
226	0.775277
227	0.775472
228	0.775624
229	0.775744
230	0.775837
231	0.775911
232	0.775968
233	0.776013
234	0.776049
235	0.776077
236	0.776099
237	0.776116
238	0.776129
239	0.776140
240	0.776148
241	0.776155
242	0.776160
243	0.776164
244	0.776167
245	0.776169
246	0.776171
247	0.776173
248	0.776174
249	0.776175
250	0.776176
251	0.776176
252	0.776177
253	0.776177
254	0.776177
255	0.776178
256	0.776178
257	0.776178
258	0.776178
259	0.776178
260	0.776178
261	0.776178
262	0.776178
263	0.776178
264	0.776178
265	0.776178
266	0.776178
267	0.776178
268	0.776178
269	0.776178
270	0.776178
271	0.776178
272	0.776178
273	0.776178
274	0.776178
275	0.776178
276	0.776178
277	0.776178
278	0.776178
279	0.776178
280	0.776178
281	0.776178
282	0.776178
283	0.776178
284	0.776178
285	0.776178
286	0.776177
287	0.776177
288	0.776177
289	0.776176
290	0.776176
291	0.776175
292	0.776174
293	0.776173
294	0.776171
295	0.776169
296	0.776167
297	0.776164
298	0.776160
299	0.776155
300	0.776148
301	0.776140
302	0.776129
303	0.776116
304	0.776099
305	0.776077
306	0.776049
307	0.776013
308	0.775968
309	0.775911
310	0.775837
311	0.775744
312	0.775624
313	0.775472
314	0.775277
315	0.775027
316	0.774706
317	0.774294
318	0.773763
319	0.773076
320	0.772184
321	0.771020
322	0.769491
323	0.767466
324	0.764759
325	0.761097
326	0.756062
327	0.748985
328	0.738678
329	0.722727
330	0.695540
331	0.643895
332	0.544041
333	0.388089
334	0.232137
335	0.132283
336	0.080637
337	0.053451
338	0.037500
339	0.027193
340	0.020116
341	0.015080
342	0.011417
343	0.008710
344	0.006685
345	0.005155
346	0.003990
347	0.003097
348	0.002409
349	0.001875
350	0.001461
351	0.001137
352	0.000883
353	0.000683
354	0.000524
355	0.000396
356	0.000292
357	0.000205
358	0.000130
359	0.000063
360	-0.000000
Air-Gap Flux Density
