Winding Voltages under Load 
Electric Degree
(Volts)
0	4.59239e-08
0	74.6678
1	74.6678
1	-63.8328
2	-63.8328
3	13.0076
4	18.9037
5	22.696
6	24.7038
7	25.7982
8	26.4662
9	26.917
10	27.2434
11	27.4931
12	27.6946
13	27.8674
14	28.0262
15	28.1836
16	28.3519
17	28.5442
18	28.7772
19	29.0726
20	29.4623
21	29.996
22	30.7607
23	31.932
24	33.9158
25	37.6706
26	44.919
27	56.2357
28	67.5579
29	74.819
29	160.198
30	160.198
31	159.581
32	157.534
33	154.011
34	150.399
34	131.03
35	131.03
36	93.9121
37	94.0103
38	94.0826
39	94.138
40	94.1814
41	94.2166
42	94.2466
43	94.2738
44	94.3006
45	94.3295
46	94.363
47	94.4046
48	94.4583
49	94.5301
50	94.6286
51	94.7672
52	94.9689
53	95.2794
54	95.802
55	96.7782
56	98.6411
57	101.546
58	104.515
59	106.587
60	108
61	109.416
62	111.501
63	114.498
64	117.444
65	119.337
66	120.337
67	120.88
68	121.209
69	121.427
70	121.581
71	121.694
72	121.78
73	121.847
74	121.902
75	121.947
76	121.988
77	122.025
78	122.063
79	122.103
80	122.148
81	122.201
82	122.265
83	122.347
84	122.452
85	122.591
86	122.78
87	123.042
88	123.421
89	124.005
89	55.8017
90	55.8017
91	56.4189
92	58.4657
93	61.9893
94	65.601
94	85.1367
95	85.1367
96	122.088
97	121.99
98	121.917
99	121.862
100	121.819
101	121.783
102	121.754
103	121.726
104	121.699
105	121.671
106	121.637
107	121.596
108	121.542
109	121.47
110	121.371
111	121.233
112	121.031
113	120.721
114	120.198
115	119.222
116	117.359
117	114.454
118	111.485
119	109.413
120	108
121	106.584
122	104.499
123	101.502
124	98.5562
125	96.6629
126	95.6626
127	95.1198
128	94.7913
129	94.573
130	94.4188
131	94.3055
132	94.2197
133	94.1527
134	94.0985
135	94.0528
136	94.0125
137	93.9746
138	93.9369
139	93.8968
140	93.8519
141	93.7992
142	93.7346
143	93.6533
144	93.5481
145	93.4089
146	93.2205
147	92.9583
148	92.5791
149	91.9952
149	-59.8017
150	-59.8017
151	-60.4189
152	-62.4657
153	-65.9893
154	-69.601
154	-37.2807
155	-37.2807
156	33.0619
157	31.1379
158	30.0106
159	29.2805
160	28.7764
161	28.4136
162	28.1436
163	27.9355
164	27.7679
165	27.6248
166	27.493
167	27.3607
168	27.2154
169	27.0424
170	26.8227
171	26.5278
172	26.1105
173	25.4787
174	24.4248
175	22.4654
176	18.7339
177	12.9184
178	6.97629
179	2.82957
180	-4.59238e-08
181	-2.83624
182	-7.00896
183	-13.0081
184	-18.9038
185	-22.696
186	-24.7038
187	-25.7982
188	-26.4662
189	-26.917
190	-27.2434
191	-27.4931
192	-27.6946
193	-27.8674
194	-28.0262
195	-28.1836
196	-28.3518
197	-28.5442
198	-28.7771
199	-29.0726
200	-29.4623
201	-29.996
202	-30.7607
203	-31.932
204	-33.9157
205	-37.6705
206	-44.9189
207	-56.2355
208	-67.5577
209	-74.8187
209	-160.198
210	-160.198
211	-159.581
212	-157.534
213	-154.011
214	-150.399
214	-130.78
215	-130.78
216	-93.9119
217	-94.0101
218	-94.0825
219	-94.1379
220	-94.1813
221	-94.2165
222	-94.2464
223	-94.2737
224	-94.3005
225	-94.3294
226	-94.3629
227	-94.4044
228	-94.4582
229	-94.53
230	-94.6285
231	-94.7671
232	-94.9688
233	-95.2793
234	-95.8019
235	-96.7781
236	-98.641
237	-101.546
238	-104.515
239	-106.587
240	-108
241	-109.416
242	-111.501
243	-114.498
244	-117.444
245	-119.337
246	-120.337
247	-120.88
248	-121.209
249	-121.427
250	-121.581
251	-121.694
252	-121.78
253	-121.847
254	-121.902
255	-121.947
256	-121.988
257	-122.025
258	-122.063
259	-122.103
260	-122.148
261	-122.201
262	-122.265
263	-122.347
264	-122.452
265	-122.591
266	-122.78
267	-123.042
268	-123.421
269	-124.005
269	-55.8017
270	-55.8017
271	-56.419
272	-58.4658
273	-61.9893
274	-65.601
274	-85.2283
275	-85.2283
276	-122.088
277	-121.99
278	-121.918
279	-121.862
280	-121.819
281	-121.784
282	-121.754
283	-121.726
284	-121.699
285	-121.671
286	-121.637
287	-121.596
288	-121.542
289	-121.47
290	-121.371
291	-121.233
292	-121.031
293	-120.721
294	-120.198
295	-119.222
296	-117.359
297	-114.454
298	-111.485
299	-109.413
300	-108
301	-106.584
302	-104.499
303	-101.502
304	-98.5562
305	-96.6629
306	-95.6626
307	-95.1198
308	-94.7913
309	-94.573
310	-94.4188
311	-94.3055
312	-94.2197
313	-94.1527
314	-94.0985
315	-94.0528
316	-94.0125
317	-93.9746
318	-93.9369
319	-93.8968
320	-93.8519
321	-93.7992
322	-93.7346
323	-93.6533
324	-93.5481
325	-93.4089
326	-93.2205
327	-92.9583
328	-92.5791
329	-91.9952
329	59.8017
330	59.8017
331	60.419
332	62.4658
333	65.9893
334	69.601
334	37.2138
335	37.2138
336	-33.0619
337	-31.1379
338	-30.0107
339	-29.2806
340	-28.7765
341	-28.4136
342	-28.1436
343	-27.9356
344	-27.768
345	-27.6248
346	-27.4931
347	-27.3607
348	-27.2154
349	-27.0425
350	-26.8227
351	-26.5279
352	-26.1106
353	-25.4787
354	-24.4248
355	-22.4654
356	-18.7339
357	-12.9184
358	-6.97629
359	-2.82957
360	4.59239e-08
360	74.6678
Phase Voltage va
0	108
0	220
1	220
1	12.2473
2	12.2473
3	127.506
4	136.348
5	142.033
6	145.041
7	146.678
8	147.675
9	148.344
10	148.825
11	149.188
12	149.475
13	149.715
14	149.928
15	150.131
16	150.339
17	150.57
18	150.84
19	151.176
20	151.61
21	152.197
22	153.026
23	154.279
24	156.368
25	160.262
26	167.699
27	179.277
28	190.979
29	198.824
29	216
30	216
31	216
32	216
33	216
34	216
34	216
35	216
36	216
37	216
38	216
39	216
40	216
41	216
42	216
43	216
44	216
45	216
46	216
47	216
48	216
49	216
50	216
51	216
52	216
53	216
54	216
55	216
56	216
57	216
58	216
59	216
60	216
61	216
62	216
63	216
64	216
65	216
66	216
67	216
68	216
69	216
70	216
71	216
72	216
73	216
74	216
75	216
76	216
77	216
78	216
79	216
80	216
81	216
82	216
83	216
84	216
85	216
86	216
87	216
88	216
89	216
89	-4
90	-4
91	-4
92	-4
93	-4
94	-4
94	47.7339
95	47.7339
96	155.15
97	153.128
98	151.928
99	151.143
100	150.595
101	150.197
102	149.897
103	149.662
104	149.467
105	149.295
106	149.13
107	148.956
108	148.757
109	148.512
110	148.194
111	147.761
112	147.142
113	146.199
114	144.623
115	141.687
116	136.093
117	127.372
118	118.461
119	112.243
120	108
121	103.747
122	97.4902
123	88.4935
124	79.6524
125	73.9669
126	70.9588
127	69.3216
128	68.3251
129	67.6559
130	67.1754
131	66.8124
132	66.5251
133	66.2853
134	66.0723
135	65.8692
136	65.6606
137	65.4304
138	65.1597
139	64.8243
140	64.3897
141	63.8032
142	62.974
143	61.7213
144	59.6324
145	55.7384
146	48.3016
147	36.7228
148	25.0214
149	17.1765
149	-220
150	-220
151	-220
152	-220
153	-220
154	-220
154	-168.083
155	-168.083
156	-60.8501
157	-62.8722
158	-64.0718
159	-64.8574
160	-65.4049
161	-65.8029
162	-66.1028
163	-66.3382
164	-66.5326
165	-66.7046
166	-66.8699
167	-67.0438
168	-67.2428
169	-67.4876
170	-67.8058
171	-68.2393
172	-68.8583
173	-69.8006
174	-71.3771
175	-74.3128
176	-79.9071
177	-88.628
178	-97.5391
179	-103.757
180	-108
181	-112.253
182	-118.51
183	-127.506
184	-136.348
185	-142.033
186	-145.041
187	-146.678
188	-147.675
189	-148.344
190	-148.825
191	-149.188
192	-149.475
193	-149.715
194	-149.928
195	-150.131
196	-150.339
197	-150.57
198	-150.84
199	-151.176
200	-151.61
201	-152.197
202	-153.026
203	-154.279
204	-156.368
205	-160.262
206	-167.698
207	-179.277
208	-190.979
209	-198.823
209	-216
210	-216
211	-216
212	-216
213	-216
214	-216
214	-216
215	-216
216	-216
217	-216
218	-216
219	-216
220	-216
221	-216
222	-216
223	-216
224	-216
225	-216
226	-216
227	-216
228	-216
229	-216
230	-216
231	-216
232	-216
233	-216
234	-216
235	-216
236	-216
237	-216
238	-216
239	-216
240	-216
241	-216
242	-216
243	-216
244	-216
245	-216
246	-216
247	-216
248	-216
249	-216
250	-216
251	-216
252	-216
253	-216
254	-216
255	-216
256	-216
257	-216
258	-216
259	-216
260	-216
261	-216
262	-216
263	-216
264	-216
265	-216
266	-216
267	-216
268	-216
269	-216
269	4
270	4
271	4
272	4
273	4
274	4
274	-48.0086
275	-48.0086
276	-155.15
277	-153.128
278	-151.928
279	-151.143
280	-150.595
281	-150.197
282	-149.897
283	-149.662
284	-149.467
285	-149.295
286	-149.13
287	-148.956
288	-148.757
289	-148.512
290	-148.194
291	-147.761
292	-147.142
293	-146.199
294	-144.623
295	-141.687
296	-136.093
297	-127.372
298	-118.461
299	-112.243
300	-108
301	-103.747
302	-97.4901
303	-88.4935
304	-79.6524
305	-73.9669
306	-70.9588
307	-69.3216
308	-68.3251
309	-67.6559
310	-67.1754
311	-66.8124
312	-66.5251
313	-66.2853
314	-66.0723
315	-65.8692
316	-65.6607
317	-65.4304
318	-65.1598
319	-64.8243
320	-64.3897
321	-63.8032
322	-62.974
323	-61.7214
324	-59.6325
325	-55.7384
326	-48.3016
327	-36.7228
328	-25.0214
329	-17.1765
329	220
330	220
331	220
332	220
333	220
334	220
334	167.982
335	167.982
336	60.85
337	62.8722
338	64.0718
339	64.8573
340	65.4048
341	65.8029
342	66.1028
343	66.3381
344	66.5325
345	66.7045
346	66.8699
347	67.0437
348	67.2428
349	67.4875
350	67.8058
351	68.2392
352	68.8582
353	69.8005
354	71.377
355	74.3127
356	79.9071
357	88.628
358	97.5391
359	103.757
360	108
360	220
Line Voltage vab
