Induced Coil Voltages at Rated Speed
Electric Degree
(Volts)
0	0.000000
1	-0.000023
2	-0.000048
3	-0.000075
4	-0.000106
5	-0.000145
6	-0.000191
7	-0.000249
8	-0.000322
9	-0.000415
10	-0.000533
11	-0.000685
12	-0.000879
13	-0.001131
14	-0.001457
15	-0.001882
16	-0.002440
17	-0.003180
18	-0.004168
19	-0.005505
20	-0.007344
21	-0.009927
22	-0.013690
23	-0.019513
24	-0.029438
25	-0.048293
26	-0.084747
27	-0.141680
28	-0.198614
29	-0.235068
30	-0.253922
31	-0.263847
32	-0.269670
33	-0.273433
34	-0.276016
35	-0.277855
36	-0.279192
37	-0.280180
38	-0.280919
39	-0.281477
40	-0.281902
41	-0.282228
42	-0.282479
43	-0.282673
44	-0.282823
45	-0.282940
46	-0.283031
47	-0.283103
48	-0.283158
49	-0.283202
50	-0.283236
51	-0.283263
52	-0.283284
53	-0.283300
54	-0.283313
55	-0.283323
56	-0.283331
57	-0.283338
58	-0.283343
59	-0.283346
60	-0.283349
61	-0.283352
62	-0.283354
63	-0.283355
64	-0.283356
65	-0.283357
66	-0.283358
67	-0.283359
68	-0.283359
69	-0.283359
70	-0.283360
71	-0.283360
72	-0.283360
73	-0.283360
74	-0.283360
75	-0.283360
76	-0.283360
77	-0.283360
78	-0.283360
79	-0.283360
80	-0.283360
81	-0.283360
82	-0.283361
83	-0.283361
84	-0.283361
85	-0.283361
86	-0.283361
87	-0.283361
88	-0.283361
89	-0.283361
90	-0.283361
91	-0.283361
92	-0.283361
93	-0.283361
94	-0.283361
95	-0.283361
96	-0.283361
97	-0.283361
98	-0.283361
99	-0.283360
100	-0.283360
101	-0.283360
102	-0.283360
103	-0.283360
104	-0.283360
105	-0.283360
106	-0.283360
107	-0.283360
108	-0.283360
109	-0.283360
110	-0.283360
111	-0.283359
112	-0.283359
113	-0.283359
114	-0.283358
115	-0.283357
116	-0.283356
117	-0.283355
118	-0.283354
119	-0.283352
120	-0.283349
121	-0.283346
122	-0.283343
123	-0.283338
124	-0.283331
125	-0.283323
126	-0.283313
127	-0.283300
128	-0.283284
129	-0.283263
130	-0.283236
131	-0.283202
132	-0.283158
133	-0.283103
134	-0.283031
135	-0.282940
136	-0.282823
137	-0.282673
138	-0.282479
139	-0.282228
140	-0.281902
141	-0.281477
142	-0.280919
143	-0.280180
144	-0.279192
145	-0.277855
146	-0.276016
147	-0.273433
148	-0.269670
149	-0.263847
150	-0.253922
151	-0.235068
152	-0.198614
153	-0.141680
154	-0.084747
155	-0.048293
156	-0.029438
157	-0.019513
158	-0.013690
159	-0.009927
160	-0.007344
161	-0.005505
162	-0.004168
163	-0.003180
164	-0.002440
165	-0.001882
166	-0.001457
167	-0.001131
168	-0.000879
169	-0.000685
170	-0.000533
171	-0.000415
172	-0.000322
173	-0.000249
174	-0.000191
175	-0.000145
176	-0.000106
177	-0.000075
178	-0.000048
179	-0.000023
180	0.000000
181	0.000023
182	0.000048
183	0.000075
184	0.000106
185	0.000145
186	0.000191
187	0.000249
188	0.000322
189	0.000415
190	0.000533
191	0.000685
192	0.000879
193	0.001131
194	0.001457
195	0.001882
196	0.002440
197	0.003180
198	0.004168
199	0.005505
200	0.007344
201	0.009927
202	0.013690
203	0.019513
204	0.029438
205	0.048293
206	0.084747
207	0.141680
208	0.198614
209	0.235068
210	0.253922
211	0.263847
212	0.269670
213	0.273433
214	0.276016
215	0.277855
216	0.279192
217	0.280180
218	0.280919
219	0.281477
220	0.281902
221	0.282228
222	0.282479
223	0.282673
224	0.282823
225	0.282940
226	0.283031
227	0.283103
228	0.283158
229	0.283202
230	0.283236
231	0.283263
232	0.283284
233	0.283300
234	0.283313
235	0.283323
236	0.283331
237	0.283338
238	0.283343
239	0.283346
240	0.283349
241	0.283352
242	0.283354
243	0.283355
244	0.283356
245	0.283357
246	0.283358
247	0.283359
248	0.283359
249	0.283359
250	0.283360
251	0.283360
252	0.283360
253	0.283360
254	0.283360
255	0.283360
256	0.283360
257	0.283360
258	0.283360
259	0.283360
260	0.283360
261	0.283360
262	0.283361
263	0.283361
264	0.283361
265	0.283361
266	0.283361
267	0.283361
268	0.283361
269	0.283361
270	0.283361
271	0.283361
272	0.283361
273	0.283361
274	0.283361
275	0.283361
276	0.283361
277	0.283361
278	0.283361
279	0.283360
280	0.283360
281	0.283360
282	0.283360
283	0.283360
284	0.283360
285	0.283360
286	0.283360
287	0.283360
288	0.283360
289	0.283360
290	0.283360
291	0.283359
292	0.283359
293	0.283359
294	0.283358
295	0.283357
296	0.283356
297	0.283355
298	0.283354
299	0.283352
300	0.283349
301	0.283346
302	0.283343
303	0.283338
304	0.283331
305	0.283323
306	0.283313
307	0.283300
308	0.283284
309	0.283263
310	0.283236
311	0.283202
312	0.283158
313	0.283103
314	0.283031
315	0.282940
316	0.282823
317	0.282673
318	0.282479
319	0.282228
320	0.281902
321	0.281477
322	0.280919
323	0.280180
324	0.279192
325	0.277855
326	0.276016
327	0.273433
328	0.269670
329	0.263847
330	0.253922
331	0.235068
332	0.198614
333	0.141680
334	0.084747
335	0.048293
336	0.029438
337	0.019513
338	0.013690
339	0.009927
340	0.007344
341	0.005505
342	0.004168
343	0.003180
344	0.002440
345	0.001882
346	0.001457
347	0.001131
348	0.000879
349	0.000685
350	0.000533
351	0.000415
352	0.000322
353	0.000249
354	0.000191
355	0.000145
356	0.000106
357	0.000075
358	0.000048
359	0.000023
360	-0.000000
One-Conductor Voltage
0	0.253922
1	0.235045
2	0.198566
3	0.141605
4	0.084640
5	0.048148
6	0.029247
7	0.019264
8	0.013368
9	0.009512
10	0.006810
11	0.004821
12	0.003289
13	0.002049
14	0.000984
15	0.000000
16	-0.000984
17	-0.002049
18	-0.003289
19	-0.004821
20	-0.006810
21	-0.009512
22	-0.013368
23	-0.019264
24	-0.029247
25	-0.048148
26	-0.084640
27	-0.141605
28	-0.198566
29	-0.235045
30	-0.253922
31	-0.263870
32	-0.269718
33	-0.273508
34	-0.276123
35	-0.277999
36	-0.279383
37	-0.280429
38	-0.281242
39	-0.281892
40	-0.282436
41	-0.282913
42	-0.283358
43	-0.283803
44	-0.284280
45	-0.284822
46	-0.285472
47	-0.286282
48	-0.287326
49	-0.288707
50	-0.290580
51	-0.293190
52	-0.296974
53	-0.302814
54	-0.312752
55	-0.331616
56	-0.368078
57	-0.425018
58	-0.481956
59	-0.518414
60	-0.537271
61	-0.547199
62	-0.553024
63	-0.556788
64	-0.559373
65	-0.561212
66	-0.562550
67	-0.563538
68	-0.564278
69	-0.564837
70	-0.565262
71	-0.565588
72	-0.565839
73	-0.566033
74	-0.566183
75	-0.566300
76	-0.566392
77	-0.566463
78	-0.566519
79	-0.566562
80	-0.566597
81	-0.566623
82	-0.566644
83	-0.566661
84	-0.566674
85	-0.566684
86	-0.566692
87	-0.566698
88	-0.566703
89	-0.566707
90	-0.566710
91	-0.566712
92	-0.566714
93	-0.566716
94	-0.566717
95	-0.566718
96	-0.566718
97	-0.566719
98	-0.566719
99	-0.566720
100	-0.566720
101	-0.566720
102	-0.566720
103	-0.566720
104	-0.566720
105	-0.566721
106	-0.566720
107	-0.566720
108	-0.566720
109	-0.566720
110	-0.566720
111	-0.566720
112	-0.566719
113	-0.566719
114	-0.566718
115	-0.566718
116	-0.566717
117	-0.566716
118	-0.566714
119	-0.566712
120	-0.566710
121	-0.566707
122	-0.566703
123	-0.566698
124	-0.566692
125	-0.566684
126	-0.566674
127	-0.566661
128	-0.566644
129	-0.566623
130	-0.566597
131	-0.566562
132	-0.566519
133	-0.566463
134	-0.566392
135	-0.566300
136	-0.566183
137	-0.566033
138	-0.565839
139	-0.565588
140	-0.565262
141	-0.564837
142	-0.564278
143	-0.563538
144	-0.562550
145	-0.561212
146	-0.559373
147	-0.556788
148	-0.553024
149	-0.547199
150	-0.537271
151	-0.518414
152	-0.481956
153	-0.425018
154	-0.368078
155	-0.331616
156	-0.312752
157	-0.302814
158	-0.296974
159	-0.293190
160	-0.290580
161	-0.288707
162	-0.287326
163	-0.286282
164	-0.285472
165	-0.284822
166	-0.284280
167	-0.283803
168	-0.283358
169	-0.282913
170	-0.282436
171	-0.281892
172	-0.281242
173	-0.280429
174	-0.279383
175	-0.277999
176	-0.276123
177	-0.273508
178	-0.269718
179	-0.263870
180	-0.253922
181	-0.235045
182	-0.198566
183	-0.141605
184	-0.084640
185	-0.048148
186	-0.029247
187	-0.019264
188	-0.013368
189	-0.009512
190	-0.006810
191	-0.004821
192	-0.003289
193	-0.002049
194	-0.000984
195	0.000000
196	0.000984
197	0.002049
198	0.003289
199	0.004821
200	0.006810
201	0.009512
202	0.013368
203	0.019264
204	0.029247
205	0.048148
206	0.084640
207	0.141605
208	0.198566
209	0.235045
210	0.253922
211	0.263870
212	0.269718
213	0.273508
214	0.276123
215	0.277999
216	0.279383
217	0.280429
218	0.281242
219	0.281892
220	0.282436
221	0.282913
222	0.283358
223	0.283803
224	0.284280
225	0.284822
226	0.285472
227	0.286282
228	0.287326
229	0.288707
230	0.290580
231	0.293190
232	0.296974
233	0.302814
234	0.312752
235	0.331616
236	0.368078
237	0.425018
238	0.481956
239	0.518414
240	0.537271
241	0.547199
242	0.553024
243	0.556788
244	0.559373
245	0.561212
246	0.562550
247	0.563538
248	0.564278
249	0.564837
250	0.565262
251	0.565588
252	0.565839
253	0.566033
254	0.566183
255	0.566300
256	0.566392
257	0.566463
258	0.566519
259	0.566562
260	0.566597
261	0.566623
262	0.566644
263	0.566661
264	0.566674
265	0.566684
266	0.566692
267	0.566698
268	0.566703
269	0.566707
270	0.566710
271	0.566712
272	0.566714
273	0.566716
274	0.566717
275	0.566718
276	0.566718
277	0.566719
278	0.566719
279	0.566720
280	0.566720
281	0.566720
282	0.566720
283	0.566720
284	0.566720
285	0.566721
286	0.566720
287	0.566720
288	0.566720
289	0.566720
290	0.566720
291	0.566720
292	0.566719
293	0.566719
294	0.566718
295	0.566718
296	0.566717
297	0.566716
298	0.566714
299	0.566712
300	0.566710
301	0.566707
302	0.566703
303	0.566698
304	0.566692
305	0.566684
306	0.566674
307	0.566661
308	0.566644
309	0.566623
310	0.566597
311	0.566562
312	0.566519
313	0.566463
314	0.566392
315	0.566300
316	0.566183
317	0.566033
318	0.565839
319	0.565588
320	0.565262
321	0.564837
322	0.564278
323	0.563538
324	0.562550
325	0.561212
326	0.559373
327	0.556788
328	0.553024
329	0.547199
330	0.537271
331	0.518414
332	0.481956
333	0.425018
334	0.368078
335	0.331616
336	0.312752
337	0.302814
338	0.296974
339	0.293190
340	0.290580
341	0.288707
342	0.287326
343	0.286282
344	0.285472
345	0.284822
346	0.284280
347	0.283803
348	0.283358
349	0.282913
350	0.282436
351	0.281892
352	0.281242
353	0.280429
354	0.279383
355	0.277999
356	0.276123
357	0.273508
358	0.269718
359	0.263870
360	0.253922
One-Turn Voltage
