Winding Voltages under Load 
Electric Degree
(Volts)
0	3.93488e-08
0	74.6678
1	74.6678
1	-63.6591
2	-63.6591
3	13.1778
4	19.149
5	22.9945
6	25.0331
7	26.1468
8	26.8287
9	27.2907
10	27.6269
11	27.8854
12	28.0953
13	28.2762
14	28.4431
15	28.6087
16	28.7854
17	28.9868
18	29.2296
19	29.536
20	29.9385
21	30.4875
22	31.2716
23	32.4696
24	34.4945
25	38.3222
26	45.7065
27	57.2348
28	68.7744
29	76.1845
29	160.473
30	160.473
31	159.811
32	157.702
33	154.098
33	129.955
34	129.955
35	93.5722
36	93.7065
37	93.8047
38	93.8786
39	93.9355
40	93.9802
41	94.0165
42	94.0476
43	94.0759
44	94.1038
45	94.1338
46	94.1686
47	94.2115
48	94.2668
49	94.3405
50	94.4412
51	94.5826
52	94.788
53	95.1036
54	95.6343
55	96.6247
56	98.5137
57	101.459
58	104.469
59	106.568
60	108
61	109.435
62	111.547
63	114.583
64	117.566
65	119.486
66	120.502
67	121.054
68	121.39
69	121.613
70	121.772
71	121.89
72	121.98
73	122.05
74	122.108
75	122.157
76	122.201
77	122.243
78	122.284
79	122.328
80	122.377
81	122.433
82	122.502
83	122.588
84	122.698
85	122.843
86	123.039
87	123.309
88	123.699
89	124.297
89	55.5267
90	55.5267
91	56.1893
92	58.298
93	61.9023
93	86.2272
94	86.2272
95	122.428
96	122.294
97	122.195
98	122.121
99	122.065
100	122.02
101	121.984
102	121.953
103	121.924
104	121.896
105	121.866
106	121.831
107	121.789
108	121.733
109	121.66
110	121.559
111	121.417
112	121.212
113	120.896
114	120.366
115	119.375
116	117.486
117	114.541
118	111.531
119	109.432
120	108
121	106.565
122	104.453
123	101.417
124	98.4336
125	96.5138
126	95.4981
127	94.9457
128	94.6104
129	94.3866
130	94.2276
131	94.1101
132	94.0203
133	93.9496
134	93.8917
135	93.8425
136	93.7986
137	93.7572
138	93.7158
139	93.6721
140	93.6234
141	93.5665
142	93.4978
143	93.4118
144	93.3016
145	93.1566
146	92.9615
147	92.6911
148	92.3015
149	91.7032
149	-59.5267
150	-59.5267
151	-60.1894
152	-62.298
153	-65.9023
153	-28.1291
154	-28.1291
155	37.2495
156	33.5444
157	31.5955
158	30.4505
159	29.7084
160	29.1956
161	28.8262
162	28.5509
163	28.3384
164	28.1669
165	28.0202
166	27.885
167	27.7492
168	27.6001
169	27.4231
170	27.1986
171	26.8979
172	26.473
173	25.8307
174	24.7605
175	22.7726
176	18.9888
177	13.0932
178	7.07024
179	2.86748
180	-3.93487e-08
181	-2.87382
182	-7.10126
183	-13.1782
184	-19.149
185	-22.9945
186	-25.0331
187	-26.1468
188	-26.8287
189	-27.2907
190	-27.6268
191	-27.8854
192	-28.0952
193	-28.2761
194	-28.443
195	-28.6086
196	-28.7853
197	-28.9867
198	-29.2294
199	-29.5359
200	-29.9383
201	-30.4873
202	-31.2714
203	-32.4694
204	-34.4943
205	-38.3219
206	-45.7061
207	-57.2343
208	-68.7738
209	-76.1838
209	-160.473
210	-160.473
211	-159.811
212	-157.702
213	-154.098
213	-129.683
214	-129.683
215	-93.572
216	-93.7063
217	-93.8045
218	-93.8784
219	-93.9353
220	-93.98
221	-94.0163
222	-94.0474
223	-94.0757
224	-94.1037
225	-94.1337
226	-94.1685
227	-94.2114
228	-94.2667
229	-94.3404
230	-94.4411
231	-94.5825
232	-94.7879
233	-95.1035
234	-95.6342
235	-96.6247
236	-98.5137
237	-101.459
238	-104.468
239	-106.568
240	-108
241	-109.435
242	-111.547
243	-114.583
244	-117.566
245	-119.486
246	-120.502
247	-121.054
248	-121.39
249	-121.613
250	-121.772
251	-121.89
252	-121.98
253	-122.05
254	-122.108
255	-122.157
256	-122.201
257	-122.243
258	-122.284
259	-122.328
260	-122.377
261	-122.433
262	-122.502
263	-122.588
264	-122.698
265	-122.843
266	-123.039
267	-123.309
268	-123.698
269	-124.297
269	-55.5267
270	-55.5267
271	-56.1894
272	-58.298
273	-61.9024
273	-86.3261
274	-86.3261
275	-122.428
276	-122.294
277	-122.196
278	-122.122
279	-122.065
280	-122.02
281	-121.984
282	-121.953
283	-121.924
284	-121.896
285	-121.866
286	-121.832
287	-121.789
288	-121.733
289	-121.66
290	-121.559
291	-121.417
292	-121.212
293	-120.896
294	-120.366
295	-119.375
296	-117.486
297	-114.541
298	-111.532
299	-109.432
300	-108
301	-106.565
302	-104.453
303	-101.417
304	-98.4336
305	-96.5138
306	-95.4981
307	-94.9457
308	-94.6104
309	-94.3866
310	-94.2277
311	-94.1101
312	-94.0204
313	-93.9496
314	-93.8917
315	-93.8425
316	-93.7986
317	-93.7572
318	-93.7158
319	-93.6721
320	-93.6234
321	-93.5666
322	-93.4978
323	-93.4118
324	-93.3016
325	-93.1566
326	-92.9615
327	-92.6911
328	-92.3015
329	-91.7032
329	59.5267
330	59.5267
331	60.1894
332	62.298
333	65.9024
333	28.0575
334	28.0575
335	-37.2495
336	-33.5445
337	-31.5956
338	-30.4506
339	-29.7085
340	-29.1957
341	-28.8263
342	-28.551
343	-28.3384
344	-28.1669
345	-28.0202
346	-27.885
347	-27.7492
348	-27.6002
349	-27.4232
350	-27.1986
351	-26.8979
352	-26.4731
353	-25.8307
354	-24.7606
355	-22.7726
356	-18.9888
357	-13.0932
358	-7.07024
359	-2.86749
360	3.93488e-08
360	74.6678
Phase Voltage va
0	108
0	220
1	220
1	12.5078
2	12.5078
3	127.761
4	136.715
5	142.481
6	145.535
7	147.201
8	148.218
9	148.904
10	149.399
11	149.775
12	150.075
13	150.327
14	150.551
15	150.766
16	150.987
17	151.23
18	151.514
19	151.864
20	152.315
21	152.921
22	153.774
23	155.058
24	157.193
25	161.166
26	168.745
27	180.544
28	192.473
29	200.481
29	216
30	216
31	216
32	216
33	216
33	216
34	216
35	216
36	216
37	216
38	216
39	216
40	216
41	216
42	216
43	216
44	216
45	216
46	216
47	216
48	216
49	216
50	216
51	216
52	216
53	216
54	216
55	216
56	216
57	216
58	216
59	216
60	216
61	216
62	216
63	216
64	216
65	216
66	216
67	216
68	216
69	216
70	216
71	216
72	216
73	216
74	216
75	216
76	216
77	216
78	216
79	216
80	216
81	216
82	216
83	216
84	216
85	216
86	216
87	216
88	216
89	216
89	-4
90	-4
91	-4
92	-4
93	-4
93	57.9658
94	57.9658
95	159.677
96	155.838
97	153.791
98	152.572
99	151.773
100	151.216
101	150.81
102	150.503
103	150.263
104	150.063
105	149.886
106	149.716
107	149.538
108	149.333
109	149.083
110	148.757
111	148.315
112	147.685
113	146.727
114	145.126
115	142.148
116	136.475
117	127.634
118	118.602
119	112.299
120	108
121	103.691
122	97.3517
123	88.2384
124	79.2846
125	73.5193
126	70.465
127	68.799
128	67.7817
129	67.0959
130	66.6008
131	66.2247
132	65.9251
133	65.6734
134	65.4487
135	65.2339
136	65.0133
137	64.7705
138	64.4863
139	64.1362
140	63.6851
141	63.0792
142	62.2263
143	60.9424
144	58.8073
145	54.8347
146	47.2553
147	35.4568
148	23.5276
149	15.5193
149	-220
150	-220
151	-220
152	-220
153	-220
153	-157.836
154	-157.836
155	-56.3226
156	-60.1619
157	-62.209
158	-63.4279
159	-64.2268
160	-64.7843
161	-65.1901
162	-65.4965
163	-65.7373
164	-65.9368
165	-66.1135
166	-66.2835
167	-66.4622
168	-66.6666
169	-66.9173
170	-67.2425
171	-67.6847
172	-68.3149
173	-69.2729
174	-70.8737
175	-73.8521
176	-79.5249
177	-88.3658
178	-97.3983
179	-103.701
180	-108
181	-112.309
182	-118.648
183	-127.762
184	-136.715
185	-142.481
186	-145.535
187	-147.201
188	-148.218
189	-148.904
190	-149.399
191	-149.775
192	-150.075
193	-150.327
194	-150.551
195	-150.766
196	-150.987
197	-151.23
198	-151.514
199	-151.864
200	-152.315
201	-152.921
202	-153.774
203	-155.058
204	-157.193
205	-161.165
206	-168.745
207	-180.543
208	-192.472
209	-200.481
209	-216
210	-216
211	-216
212	-216
213	-216
213	-216
214	-216
215	-216
216	-216
217	-216
218	-216
219	-216
220	-216
221	-216
222	-216
223	-216
224	-216
225	-216
226	-216
227	-216
228	-216
229	-216
230	-216
231	-216
232	-216
233	-216
234	-216
235	-216
236	-216
237	-216
238	-216
239	-216
240	-216
241	-216
242	-216
243	-216
244	-216
245	-216
246	-216
247	-216
248	-216
249	-216
250	-216
251	-216
252	-216
253	-216
254	-216
255	-216
256	-216
257	-216
258	-216
259	-216
260	-216
261	-216
262	-216
263	-216
264	-216
265	-216
266	-216
267	-216
268	-216
269	-216
269	4
270	4
271	4
272	4
273	4
273	-58.2623
274	-58.2623
275	-159.678
276	-155.838
277	-153.791
278	-152.572
279	-151.773
280	-151.216
281	-150.81
282	-150.504
283	-150.263
284	-150.063
285	-149.887
286	-149.717
287	-149.538
288	-149.333
289	-149.083
290	-148.758
291	-148.315
292	-147.685
293	-146.727
294	-145.126
295	-142.148
296	-136.475
297	-127.634
298	-118.602
299	-112.299
300	-108
301	-103.691
302	-97.3517
303	-88.2384
304	-79.2846
305	-73.5193
306	-70.465
307	-68.799
308	-67.7817
309	-67.0959
310	-66.6008
311	-66.2248
312	-65.9251
313	-65.6734
314	-65.4488
315	-65.234
316	-65.0133
317	-64.7705
318	-64.4864
319	-64.1362
320	-63.6851
321	-63.0793
322	-62.2264
323	-60.9424
324	-58.8073
325	-54.8348
326	-47.2554
327	-35.4568
328	-23.5277
329	-15.5194
329	220
330	220
331	220
332	220
333	220
333	157.728
334	157.728
335	56.3225
336	60.1618
337	62.2089
338	63.4278
339	64.2268
340	64.7842
341	65.1901
342	65.4964
343	65.7373
344	65.9367
345	66.1134
346	66.2834
347	66.4622
348	66.6665
349	66.9172
350	67.2425
351	67.6846
352	68.3149
353	69.2728
354	70.8736
355	73.852
356	79.5249
357	88.3658
358	97.3983
359	103.701
360	108
360	220
Line Voltage vab
