Winding Currents under Load 
Electric Degree
(Amperes)
0	2.76435
1	2.9343
2	2.73833
3	2.71205
4	2.72025
5	2.73943
6	2.76312
7	2.78892
8	2.81572
9	2.843
10	2.87046
11	2.89793
12	2.92528
13	2.95244
14	2.97936
15	3.00601
16	3.03237
17	3.05844
18	3.08422
19	3.10973
20	3.13501
21	3.1601
22	3.18507
23	3.21001
24	3.23506
25	3.2604
26	3.28631
27	3.31318
28	3.34166
29	3.37286
29	1.95186e-11
30	0.440805
31	0.871746
32	1.28725
33	1.68448
34	1.96117
35	2.02582
36	2.07614
37	2.1251
38	2.17309
39	2.2202
40	2.26646
41	2.31192
42	2.35657
43	2.40042
44	2.44346
45	2.48566
46	2.52698
47	2.56739
48	2.6068
49	2.64514
50	2.68228
51	2.71801
52	2.75205
53	2.78386
54	2.81237
55	2.83518
56	2.84757
57	2.84406
58	2.82505
59	2.79691
60	2.76582
61	2.73682
62	2.71595
63	2.70944
64	2.71774
65	2.73693
66	2.76065
67	2.78646
68	2.81327
69	2.84057
70	2.86805
71	2.89553
72	2.9229
73	2.95008
74	2.97702
75	3.00369
76	3.03007
77	3.05615
78	3.08195
79	3.10748
80	3.13278
81	3.15789
82	3.18287
83	3.20783
84	3.2329
85	3.25826
86	3.28418
87	3.31107
88	3.33957
89	3.37078
89	1.95208e-11
90	0.44081
91	0.871757
92	1.28727
93	1.68453
94	1.96021
95	2.02479
96	2.07511
97	2.12407
98	2.17206
99	2.21917
100	2.26544
101	2.31089
102	2.35555
103	2.3994
104	2.44244
105	2.48464
106	2.52597
107	2.56638
108	2.6058
109	2.64415
110	2.68128
111	2.71702
112	2.75107
113	2.78288
114	2.81139
115	2.83421
116	2.8466
117	2.8431
118	2.82409
119	2.79596
120	2.76488
121	2.73588
122	2.71502
123	2.70852
124	2.71683
125	2.73603
126	2.75975
127	2.78556
128	2.81239
129	2.83969
130	2.86718
131	2.89467
132	2.92204
133	2.94923
134	2.97617
135	3.00285
136	3.02923
137	3.05532
138	3.08113
139	3.10667
140	3.13197
141	3.15708
142	3.18208
143	3.20704
144	3.23212
145	3.25748
146	3.28341
147	3.31031
148	3.33881
149	3.37003
149	1.95193e-11
150	0.440811
151	0.871761
152	1.28727
153	1.68455
154	1.95986
155	2.02442
156	2.07473
157	2.12369
158	2.17169
159	2.2188
160	2.26506
161	2.31052
162	2.35518
163	2.39903
164	2.44207
165	2.48427
166	2.5256
167	2.56601
168	2.60544
169	2.64378
170	2.68092
171	2.71666
172	2.75071
173	2.78253
174	2.81104
175	2.83386
176	2.84625
177	2.84275
178	2.82375
179	2.79562
180	2.76454
181	2.73554
182	2.71469
183	2.70818
184	2.7165
185	2.7357
186	2.75942
187	2.78524
188	2.81207
189	2.83937
190	2.86686
191	2.89435
192	2.92173
193	2.94892
194	2.97587
195	3.00254
196	3.02893
197	3.05502
198	3.08083
199	3.10637
200	3.13168
201	3.15679
202	3.18179
203	3.20676
204	3.23183
205	3.2572
206	3.28313
207	3.31003
208	3.33853
209	3.36976
209	1.95195e-11
210	0.440812
211	0.871763
212	1.28727
213	1.68456
214	1.95974
215	2.02428
216	2.0746
217	2.12356
218	2.17155
219	2.21866
220	2.26493
221	2.31039
222	2.35504
223	2.3989
224	2.44194
225	2.48414
226	2.52547
227	2.56588
228	2.60531
229	2.64365
230	2.68079
231	2.71653
232	2.75058
233	2.7824
234	2.81091
235	2.83373
236	2.84613
237	2.84263
238	2.82362
239	2.7955
240	2.76441
241	2.73542
242	2.71456
243	2.70806
244	2.71638
245	2.73558
246	2.7593
247	2.78512
248	2.81195
249	2.83926
250	2.86675
251	2.89424
252	2.92162
253	2.94881
254	2.97576
255	3.00243
256	3.02882
257	3.05491
258	3.08072
259	3.10626
260	3.13157
261	3.15669
262	3.18168
263	3.20665
264	3.23173
265	3.2571
266	3.28303
267	3.30993
268	3.33843
269	3.36966
269	1.95195e-11
270	0.440812
271	0.871763
272	1.28727
273	1.68456
274	1.95969
275	2.02423
276	2.07455
277	2.12351
278	2.1715
279	2.21861
280	2.26488
281	2.31034
282	2.35499
283	2.39885
284	2.44189
285	2.48409
286	2.52542
287	2.56583
288	2.60526
289	2.6436
290	2.68074
291	2.71649
292	2.75053
293	2.78235
294	2.81086
295	2.83369
296	2.84608
297	2.84258
298	2.82358
299	2.79545
300	2.76437
301	2.73538
302	2.71452
303	2.70802
304	2.71633
305	2.73554
306	2.75926
307	2.78508
308	2.81191
309	2.83921
310	2.8667
311	2.8942
312	2.92158
313	2.94877
314	2.97571
315	3.00239
316	3.02878
317	3.05487
318	3.08068
319	3.10622
320	3.13153
321	3.15665
322	3.18164
323	3.20662
324	3.23169
325	3.25706
326	3.28299
327	3.30989
328	3.3384
329	3.36963
329	1.95195e-11
330	0.440812
331	0.871763
332	1.28728
333	1.68456
334	1.95967
335	2.02421
336	2.07453
337	2.12349
338	2.17149
339	2.21859
340	2.26486
341	2.31032
342	2.35498
343	2.39883
344	2.44187
345	2.48407
346	2.52541
347	2.56582
348	2.60524
349	2.64359
350	2.68073
351	2.71647
352	2.75052
353	2.78233
354	2.81085
355	2.83367
356	2.84606
357	2.84257
358	2.82356
359	2.79543
360	2.76435
Source Current
0	1.12e-10
1	0.398299
2	-1.65078e-11
3	9.2239e-11
4	8.32846e-11
5	7.75193e-11
6	7.4465e-11
7	7.2799e-11
8	7.17817e-11
9	7.10958e-11
10	7.06007e-11
11	7.02247e-11
12	6.9925e-11
13	6.96733e-11
14	6.94486e-11
15	6.92338e-11
16	6.90131e-11
17	6.87703e-11
18	6.84862e-11
19	6.8136e-11
20	6.76848e-11
21	6.7079e-11
22	6.62261e-11
23	6.49421e-11
24	6.28069e-11
25	5.88343e-11
26	5.12549e-11
27	3.94562e-11
28	2.7527e-11
29	1.95186e-11
30	0.440805
31	0.871746
32	1.28725
33	1.68448
34	1.96117
35	2.02582
36	2.07614
37	2.1251
38	2.17309
39	2.2202
40	2.26646
41	2.31192
42	2.35657
43	2.40042
44	2.44346
45	2.48566
46	2.52698
47	2.56739
48	2.6068
49	2.64514
50	2.68228
51	2.71801
52	2.75205
53	2.78386
54	2.81237
55	2.83518
56	2.84757
57	2.84406
58	2.82505
59	2.79691
60	2.76582
61	2.73682
62	2.71595
63	2.70944
64	2.71774
65	2.73693
66	2.76065
67	2.78646
68	2.81327
69	2.84057
70	2.86805
71	2.89553
72	2.9229
73	2.95008
74	2.97702
75	3.00369
76	3.03007
77	3.05615
78	3.08195
79	3.10748
80	3.13278
81	3.15789
82	3.18287
83	3.20783
84	3.2329
85	3.25826
86	3.28418
87	3.31107
88	3.33957
89	3.37078
90	3.02451
91	2.69791
92	2.38485
93	2.09696
94	1.96021
95	2.02479
96	2.07511
97	2.12407
98	2.17206
99	2.21917
100	2.26544
101	2.31089
102	2.35555
103	2.3994
104	2.44244
105	2.48464
106	2.52597
107	2.56638
108	2.6058
109	2.64415
110	2.68128
111	2.71702
112	2.75107
113	2.78288
114	2.81139
115	2.83421
116	2.8466
117	2.8431
118	2.82409
119	2.79596
120	2.76488
121	2.73588
122	2.71502
123	2.70852
124	2.71683
125	2.73603
126	2.75975
127	2.78556
128	2.81239
129	2.83969
130	2.86718
131	2.89467
132	2.92204
133	2.94923
134	2.97617
135	3.00285
136	3.02923
137	3.05532
138	3.08113
139	3.10667
140	3.13197
141	3.15708
142	3.18208
143	3.20704
144	3.23212
145	3.25748
146	3.28341
147	3.31031
148	3.33881
149	3.37003
150	2.58295
151	1.82541
152	1.09684
153	0.411679
154	-6.21642e-11
155	6.03226e-11
156	6.41619e-11
157	6.6209e-11
158	6.74279e-11
159	6.82268e-11
160	6.87843e-11
161	6.91901e-11
162	6.94965e-11
163	6.97373e-11
164	6.99368e-11
165	7.01135e-11
166	7.02835e-11
167	7.04622e-11
168	7.06666e-11
169	7.09173e-11
170	7.12425e-11
171	7.16847e-11
172	7.23149e-11
173	7.32729e-11
174	7.48737e-11
175	7.78521e-11
176	8.35249e-11
177	9.23658e-11
178	1.01398e-10
179	1.07701e-10
180	-1.12e-10
181	-1.07691e-10
182	-1.01352e-10
183	-9.22384e-11
184	-8.32846e-11
185	-7.75193e-11
186	-7.4465e-11
187	-7.2799e-11
188	-7.17817e-11
189	-7.10959e-11
190	-7.06008e-11
191	-7.02247e-11
192	-6.99251e-11
193	-6.96734e-11
194	-6.94488e-11
195	-6.92339e-11
196	-6.90133e-11
197	-6.87705e-11
198	-6.84864e-11
199	-6.81362e-11
200	-6.76851e-11
201	-6.70793e-11
202	-6.62264e-11
203	-6.49424e-11
204	-6.28073e-11
205	-5.88347e-11
206	-5.12554e-11
207	-3.94568e-11
208	-2.75277e-11
209	-1.95194e-11
210	-0.440812
211	-0.871763
212	-1.28727
213	-1.68456
214	-1.95974
215	-2.02428
216	-2.0746
217	-2.12356
218	-2.17155
219	-2.21866
220	-2.26493
221	-2.31039
222	-2.35504
223	-2.3989
224	-2.44194
225	-2.48414
226	-2.52547
227	-2.56588
228	-2.60531
229	-2.64365
230	-2.68079
231	-2.71653
232	-2.75058
233	-2.7824
234	-2.81091
235	-2.83373
236	-2.84613
237	-2.84263
238	-2.82362
239	-2.7955
240	-2.76441
241	-2.73542
242	-2.71456
243	-2.70806
244	-2.71638
245	-2.73558
246	-2.7593
247	-2.78512
248	-2.81195
249	-2.83926
250	-2.86675
251	-2.89424
252	-2.92162
253	-2.94881
254	-2.97576
255	-3.00243
256	-3.02882
257	-3.05491
258	-3.08072
259	-3.10626
260	-3.13157
261	-3.15669
262	-3.18168
263	-3.20665
264	-3.23173
265	-3.2571
266	-3.28303
267	-3.30993
268	-3.33843
269	-3.36966
270	-3.0234
271	-2.6968
272	-2.38374
273	-2.09587
274	-1.95969
275	-2.02423
276	-2.07455
277	-2.12351
278	-2.1715
279	-2.21861
280	-2.26488
281	-2.31034
282	-2.35499
283	-2.39885
284	-2.44189
285	-2.48409
286	-2.52542
287	-2.56583
288	-2.60526
289	-2.6436
290	-2.68074
291	-2.71649
292	-2.75053
293	-2.78235
294	-2.81086
295	-2.83369
296	-2.84608
297	-2.84258
298	-2.82358
299	-2.79545
300	-2.76437
301	-2.73538
302	-2.71452
303	-2.70802
304	-2.71633
305	-2.73554
306	-2.75926
307	-2.78508
308	-2.81191
309	-2.83921
310	-2.8667
311	-2.8942
312	-2.92158
313	-2.94877
314	-2.97571
315	-3.00239
316	-3.02878
317	-3.05487
318	-3.08068
319	-3.10622
320	-3.13153
321	-3.15665
322	-3.18164
323	-3.20662
324	-3.23169
325	-3.25706
326	-3.28299
327	-3.30989
328	-3.3384
329	-3.36963
330	-2.58255
331	-1.825
332	-1.09643
333	-0.411275
334	6.22717e-11
335	-6.03225e-11
336	-6.41618e-11
337	-6.62089e-11
338	-6.74278e-11
339	-6.82268e-11
340	-6.87842e-11
341	-6.91901e-11
342	-6.94964e-11
343	-6.97373e-11
344	-6.99367e-11
345	-7.01134e-11
346	-7.02834e-11
347	-7.04622e-11
348	-7.06665e-11
349	-7.09172e-11
350	-7.12425e-11
351	-7.16846e-11
352	-7.23149e-11
353	-7.32728e-11
354	-7.48736e-11
355	-7.7852e-11
356	-8.35249e-11
357	-9.23658e-11
358	-1.01398e-10
359	-1.07701e-10
360	1.12e-10
Phase Current ia
0	-2.76435
1	-2.9343
2	-2.73833
3	-2.71205
4	-2.72025
5	-2.73943
6	-2.76312
7	-2.78892
8	-2.81572
9	-2.843
10	-2.87046
11	-2.89793
12	-2.92528
13	-2.95244
14	-2.97936
15	-3.00601
16	-3.03237
17	-3.05844
18	-3.08422
19	-3.10973
20	-3.13501
21	-3.1601
22	-3.18507
23	-3.21001
24	-3.23506
25	-3.2604
26	-3.28631
27	-3.31318
28	-3.34166
29	-3.37286
30	-3.02656
31	-2.69996
32	-2.38689
33	-2.09896
34	-1.96117
35	-2.02582
36	-2.07614
37	-2.1251
38	-2.17309
39	-2.2202
40	-2.26646
41	-2.31192
42	-2.35657
43	-2.40042
44	-2.44346
45	-2.48566
46	-2.52698
47	-2.56739
48	-2.6068
49	-2.64514
50	-2.68228
51	-2.71801
52	-2.75205
53	-2.78386
54	-2.81237
55	-2.83518
56	-2.84757
57	-2.84406
58	-2.82505
59	-2.79691
60	-2.76582
61	-2.73682
62	-2.71595
63	-2.70944
64	-2.71774
65	-2.73693
66	-2.76065
67	-2.78646
68	-2.81327
69	-2.84057
70	-2.86805
71	-2.89553
72	-2.9229
73	-2.95008
74	-2.97702
75	-3.00369
76	-3.03007
77	-3.05615
78	-3.08195
79	-3.10748
80	-3.13278
81	-3.15789
82	-3.18287
83	-3.20783
84	-3.2329
85	-3.25826
86	-3.28418
87	-3.31107
88	-3.33957
89	-3.37078
90	-2.5837
91	-1.82615
92	-1.09758
93	-0.412425
94	6.19658e-11
95	-6.03228e-11
96	-6.41621e-11
97	-6.62091e-11
98	-6.74281e-11
99	-6.8227e-11
100	-6.87845e-11
101	-6.91903e-11
102	-6.94966e-11
103	-6.97375e-11
104	-6.99369e-11
105	-7.01136e-11
106	-7.02836e-11
107	-7.04623e-11
108	-7.06667e-11
109	-7.09174e-11
110	-7.12426e-11
111	-7.16847e-11
112	-7.2315e-11
113	-7.32729e-11
114	-7.48737e-11
115	-7.78521e-11
116	-8.35249e-11
117	-9.23659e-11
118	-1.01398e-10
119	-1.07701e-10
120	1.12e-10
121	1.07691e-10
122	1.01352e-10
123	9.22384e-11
124	8.32846e-11
125	7.75193e-11
126	7.4465e-11
127	7.2799e-11
128	7.17817e-11
129	7.10959e-11
130	7.06008e-11
131	7.02247e-11
132	6.99251e-11
133	6.96734e-11
134	6.94487e-11
135	6.92339e-11
136	6.90133e-11
137	6.87705e-11
138	6.84863e-11
139	6.81362e-11
140	6.76851e-11
141	6.70792e-11
142	6.62263e-11
143	6.49424e-11
144	6.28073e-11
145	5.88347e-11
146	5.12553e-11
147	3.94568e-11
148	2.75276e-11
149	1.95193e-11
150	0.440811
151	0.871761
152	1.28727
153	1.68455
154	1.95986
155	2.02442
156	2.07473
157	2.12369
158	2.17169
159	2.2188
160	2.26506
161	2.31052
162	2.35518
163	2.39903
164	2.44207
165	2.48427
166	2.5256
167	2.56601
168	2.60544
169	2.64378
170	2.68092
171	2.71666
172	2.75071
173	2.78253
174	2.81104
175	2.83386
176	2.84625
177	2.84275
178	2.82375
179	2.79562
180	2.76454
181	2.73554
182	2.71469
183	2.70818
184	2.7165
185	2.7357
186	2.75942
187	2.78524
188	2.81207
189	2.83937
190	2.86686
191	2.89435
192	2.92173
193	2.94892
194	2.97587
195	3.00254
196	3.02893
197	3.05502
198	3.08083
199	3.10637
200	3.13168
201	3.15679
202	3.18179
203	3.20676
204	3.23183
205	3.2572
206	3.28313
207	3.31003
208	3.33853
209	3.36976
210	3.02349
211	2.6969
212	2.38384
213	2.09597
214	1.95974
215	2.02428
216	2.0746
217	2.12356
218	2.17155
219	2.21866
220	2.26493
221	2.31039
222	2.35504
223	2.3989
224	2.44194
225	2.48414
226	2.52547
227	2.56588
228	2.60531
229	2.64365
230	2.68079
231	2.71653
232	2.75058
233	2.7824
234	2.81091
235	2.83373
236	2.84613
237	2.84263
238	2.82362
239	2.7955
240	2.76441
241	2.73542
242	2.71456
243	2.70806
244	2.71638
245	2.73558
246	2.7593
247	2.78512
248	2.81195
249	2.83926
250	2.86675
251	2.89424
252	2.92162
253	2.94881
254	2.97576
255	3.00243
256	3.02882
257	3.05491
258	3.08072
259	3.10626
260	3.13157
261	3.15669
262	3.18168
263	3.20665
264	3.23173
265	3.2571
266	3.28303
267	3.30993
268	3.33843
269	3.36966
270	2.58258
271	1.82504
272	1.09647
273	0.41131
274	-6.22623e-11
275	6.03225e-11
276	6.41618e-11
277	6.62089e-11
278	6.74279e-11
279	6.82268e-11
280	6.87843e-11
281	6.91901e-11
282	6.94964e-11
283	6.97373e-11
284	6.99367e-11
285	7.01134e-11
286	7.02834e-11
287	7.04622e-11
288	7.06665e-11
289	7.09172e-11
290	7.12425e-11
291	7.16846e-11
292	7.23149e-11
293	7.32728e-11
294	7.48737e-11
295	7.78521e-11
296	8.35249e-11
297	9.23658e-11
298	1.01398e-10
299	1.07701e-10
300	-1.12e-10
301	-1.07691e-10
302	-1.01352e-10
303	-9.22384e-11
304	-8.32846e-11
305	-7.75193e-11
306	-7.4465e-11
307	-7.2799e-11
308	-7.17817e-11
309	-7.10959e-11
310	-7.06008e-11
311	-7.02248e-11
312	-6.99251e-11
313	-6.96734e-11
314	-6.94488e-11
315	-6.9234e-11
316	-6.90133e-11
317	-6.87705e-11
318	-6.84864e-11
319	-6.81362e-11
320	-6.76851e-11
321	-6.70793e-11
322	-6.62264e-11
323	-6.49424e-11
324	-6.28073e-11
325	-5.88348e-11
326	-5.12554e-11
327	-3.94568e-11
328	-2.75277e-11
329	-1.95194e-11
330	-0.440812
331	-0.871763
332	-1.28728
333	-1.68456
334	-1.95967
335	-2.02421
336	-2.07453
337	-2.12349
338	-2.17149
339	-2.21859
340	-2.26486
341	-2.31032
342	-2.35498
343	-2.39883
344	-2.44187
345	-2.48407
346	-2.52541
347	-2.56582
348	-2.60524
349	-2.64359
350	-2.68073
351	-2.71647
352	-2.75052
353	-2.78233
354	-2.81085
355	-2.83367
356	-2.84606
357	-2.84257
358	-2.82356
359	-2.79543
360	-2.76435
Phase Current ib
0	2.76435
1	2.53601
2	2.73833
3	2.71205
4	2.72025
5	2.73943
6	2.76312
7	2.78892
8	2.81572
9	2.843
10	2.87046
11	2.89793
12	2.92528
13	2.95244
14	2.97936
15	3.00601
16	3.03237
17	3.05844
18	3.08422
19	3.10973
20	3.13501
21	3.1601
22	3.18507
23	3.21001
24	3.23506
25	3.2604
26	3.28631
27	3.31318
28	3.34166
29	3.37286
30	2.58576
31	1.82821
32	1.09964
33	0.414484
34	-6.1418e-11
35	6.03237e-11
36	6.41629e-11
37	6.62101e-11
38	6.74287e-11
39	6.82272e-11
40	6.87854e-11
41	6.91909e-11
42	6.94964e-11
43	6.9738e-11
44	6.99369e-11
45	7.01137e-11
46	7.02842e-11
47	7.04623e-11
48	7.06675e-11
49	7.09179e-11
50	7.12435e-11
51	7.16844e-11
52	7.23155e-11
53	7.32734e-11
54	7.48739e-11
55	7.78519e-11
56	8.35247e-11
57	9.23661e-11
58	1.01398e-10
59	1.07701e-10
60	-1.12e-10
61	-1.07691e-10
62	-1.01352e-10
63	-9.22391e-11
64	-8.32845e-11
65	-7.75184e-11
66	-7.44644e-11
67	-7.27987e-11
68	-7.17808e-11
69	-7.10951e-11
70	-7.06009e-11
71	-7.02247e-11
72	-6.99258e-11
73	-6.96736e-11
74	-6.9448e-11
75	-6.92344e-11
76	-6.90132e-11
77	-6.87712e-11
78	-6.8487e-11
79	-6.81371e-11
80	-6.76854e-11
81	-6.70788e-11
82	-6.6227e-11
83	-6.49418e-11
84	-6.28075e-11
85	-5.88347e-11
86	-5.12554e-11
87	-3.94569e-11
88	-2.75269e-11
89	-1.95208e-11
90	-0.44081
91	-0.871757
92	-1.28727
93	-1.68453
94	-1.96021
95	-2.02479
96	-2.07511
97	-2.12407
98	-2.17206
99	-2.21917
100	-2.26544
101	-2.31089
102	-2.35555
103	-2.3994
104	-2.44244
105	-2.48464
106	-2.52597
107	-2.56638
108	-2.6058
109	-2.64415
110	-2.68128
111	-2.71702
112	-2.75107
113	-2.78288
114	-2.81139
115	-2.83421
116	-2.8466
117	-2.8431
118	-2.82409
119	-2.79596
120	-2.76488
121	-2.73588
122	-2.71502
123	-2.70852
124	-2.71683
125	-2.73603
126	-2.75975
127	-2.78556
128	-2.81239
129	-2.83969
130	-2.86718
131	-2.89467
132	-2.92204
133	-2.94923
134	-2.97617
135	-3.00285
136	-3.02923
137	-3.05532
138	-3.08113
139	-3.10667
140	-3.13197
141	-3.15708
142	-3.18208
143	-3.20704
144	-3.23212
145	-3.25748
146	-3.28341
147	-3.31031
148	-3.33881
149	-3.37003
150	-3.02376
151	-2.69717
152	-2.38411
153	-2.09623
154	-1.95986
155	-2.02442
156	-2.07473
157	-2.12369
158	-2.17169
159	-2.2188
160	-2.26506
161	-2.31052
162	-2.35518
163	-2.39903
164	-2.44207
165	-2.48427
166	-2.5256
167	-2.56601
168	-2.60544
169	-2.64378
170	-2.68092
171	-2.71666
172	-2.75071
173	-2.78253
174	-2.81104
175	-2.83386
176	-2.84625
177	-2.84275
178	-2.82375
179	-2.79562
180	-2.76454
181	-2.73554
182	-2.71469
183	-2.70818
184	-2.7165
185	-2.7357
186	-2.75942
187	-2.78524
188	-2.81207
189	-2.83937
190	-2.86686
191	-2.89435
192	-2.92173
193	-2.94892
194	-2.97587
195	-3.00254
196	-3.02893
197	-3.05502
198	-3.08083
199	-3.10637
200	-3.13168
201	-3.15679
202	-3.18179
203	-3.20676
204	-3.23183
205	-3.2572
206	-3.28313
207	-3.31003
208	-3.33853
209	-3.36976
210	-2.58268
211	-1.82514
212	-1.09657
213	-0.411408
214	6.22364e-11
215	-6.0322e-11
216	-6.4162e-11
217	-6.62084e-11
218	-6.74278e-11
219	-6.82268e-11
220	-6.87836e-11
221	-6.91895e-11
222	-6.94973e-11
223	-6.97371e-11
224	-6.99369e-11
225	-7.01137e-11
226	-7.02829e-11
227	-7.04619e-11
228	-7.06666e-11
229	-7.09171e-11
230	-7.1243e-11
231	-7.1684e-11
232	-7.23142e-11
233	-7.32729e-11
234	-7.48743e-11
235	-7.78528e-11
236	-8.35243e-11
237	-9.23661e-11
238	-1.01399e-10
239	-1.07701e-10
240	1.12e-10
241	1.0769e-10
242	1.01352e-10
243	9.22382e-11
244	8.3284e-11
245	7.75202e-11
246	7.44649e-11
247	7.27987e-11
248	7.17812e-11
249	7.1096e-11
250	7.06004e-11
251	7.02243e-11
252	6.99254e-11
253	6.96736e-11
254	6.94489e-11
255	6.9234e-11
256	6.90128e-11
257	6.87708e-11
258	6.84861e-11
259	6.81357e-11
260	6.76845e-11
261	6.70797e-11
262	6.6227e-11
263	6.49427e-11
264	6.28066e-11
265	5.88343e-11
266	5.12563e-11
267	3.94564e-11
268	2.75278e-11
269	1.95195e-11
270	0.440812
271	0.871763
272	1.28727
273	1.68456
274	1.95969
275	2.02423
276	2.07455
277	2.12351
278	2.1715
279	2.21861
280	2.26488
281	2.31034
282	2.35499
283	2.39885
284	2.44189
285	2.48409
286	2.52542
287	2.56583
288	2.60526
289	2.6436
290	2.68074
291	2.71649
292	2.75053
293	2.78235
294	2.81086
295	2.83369
296	2.84608
297	2.84258
298	2.82358
299	2.79545
300	2.76437
301	2.73538
302	2.71452
303	2.70802
304	2.71633
305	2.73554
306	2.75926
307	2.78508
308	2.81191
309	2.83921
310	2.8667
311	2.8942
312	2.92158
313	2.94877
314	2.97571
315	3.00239
316	3.02878
317	3.05487
318	3.08068
319	3.10622
320	3.13153
321	3.15665
322	3.18164
323	3.20662
324	3.23169
325	3.25706
326	3.28299
327	3.30989
328	3.3384
329	3.36963
330	3.02336
331	2.69677
332	2.38371
333	2.09584
334	1.95967
335	2.02421
336	2.07453
337	2.12349
338	2.17149
339	2.21859
340	2.26486
341	2.31032
342	2.35498
343	2.39883
344	2.44187
345	2.48407
346	2.52541
347	2.56582
348	2.60524
349	2.64359
350	2.68073
351	2.71647
352	2.75052
353	2.78233
354	2.81085
355	2.83367
356	2.84606
357	2.84257
358	2.82356
359	2.79543
360	2.76435
Phase Current ic
