Induced Coil Voltages at Rated Speed
Electric Degree
(Volts)
0	0.000000
1	-0.000023
2	-0.000048
3	-0.000075
4	-0.000107
5	-0.000145
6	-0.000191
7	-0.000249
8	-0.000323
9	-0.000415
10	-0.000534
11	-0.000685
12	-0.000880
13	-0.001131
14	-0.001458
15	-0.001883
16	-0.002442
17	-0.003182
18	-0.004171
19	-0.005509
20	-0.007349
21	-0.009934
22	-0.013699
23	-0.019526
24	-0.029458
25	-0.048325
26	-0.084803
27	-0.141774
28	-0.198746
29	-0.235224
30	-0.254090
31	-0.264022
32	-0.269849
33	-0.273614
34	-0.276200
35	-0.278039
36	-0.279377
37	-0.280366
38	-0.281105
39	-0.281664
40	-0.282089
41	-0.282415
42	-0.282666
43	-0.282860
44	-0.283011
45	-0.283128
46	-0.283219
47	-0.283290
48	-0.283346
49	-0.283390
50	-0.283424
51	-0.283451
52	-0.283472
53	-0.283488
54	-0.283501
55	-0.283511
56	-0.283519
57	-0.283526
58	-0.283531
59	-0.283534
60	-0.283537
61	-0.283540
62	-0.283542
63	-0.283543
64	-0.283544
65	-0.283545
66	-0.283546
67	-0.283546
68	-0.283547
69	-0.283547
70	-0.283548
71	-0.283548
72	-0.283548
73	-0.283548
74	-0.283548
75	-0.283548
76	-0.283548
77	-0.283548
78	-0.283548
79	-0.283548
80	-0.283548
81	-0.283548
82	-0.283548
83	-0.283548
84	-0.283549
85	-0.283549
86	-0.283549
87	-0.283549
88	-0.283549
89	-0.283549
90	-0.283549
91	-0.283549
92	-0.283549
93	-0.283549
94	-0.283549
95	-0.283549
96	-0.283549
97	-0.283548
98	-0.283548
99	-0.283548
100	-0.283548
101	-0.283548
102	-0.283548
103	-0.283548
104	-0.283548
105	-0.283548
106	-0.283548
107	-0.283548
108	-0.283548
109	-0.283548
110	-0.283548
111	-0.283547
112	-0.283547
113	-0.283546
114	-0.283546
115	-0.283545
116	-0.283544
117	-0.283543
118	-0.283542
119	-0.283540
120	-0.283537
121	-0.283534
122	-0.283531
123	-0.283526
124	-0.283519
125	-0.283511
126	-0.283501
127	-0.283488
128	-0.283472
129	-0.283451
130	-0.283424
131	-0.283390
132	-0.283346
133	-0.283290
134	-0.283219
135	-0.283128
136	-0.283011
137	-0.282860
138	-0.282666
139	-0.282415
140	-0.282089
141	-0.281664
142	-0.281105
143	-0.280366
144	-0.279377
145	-0.278039
146	-0.276200
147	-0.273614
148	-0.269849
149	-0.264022
150	-0.254090
151	-0.235224
152	-0.198746
153	-0.141774
154	-0.084803
155	-0.048325
156	-0.029458
157	-0.019526
158	-0.013699
159	-0.009934
160	-0.007349
161	-0.005509
162	-0.004171
163	-0.003182
164	-0.002442
165	-0.001883
166	-0.001458
167	-0.001131
168	-0.000880
169	-0.000685
170	-0.000534
171	-0.000415
172	-0.000323
173	-0.000249
174	-0.000191
175	-0.000145
176	-0.000107
177	-0.000075
178	-0.000048
179	-0.000023
180	0.000000
181	0.000023
182	0.000048
183	0.000075
184	0.000107
185	0.000145
186	0.000191
187	0.000249
188	0.000323
189	0.000415
190	0.000534
191	0.000685
192	0.000880
193	0.001131
194	0.001458
195	0.001883
196	0.002442
197	0.003182
198	0.004171
199	0.005509
200	0.007349
201	0.009934
202	0.013699
203	0.019526
204	0.029458
205	0.048325
206	0.084803
207	0.141774
208	0.198746
209	0.235224
210	0.254090
211	0.264022
212	0.269849
213	0.273614
214	0.276200
215	0.278039
216	0.279377
217	0.280366
218	0.281105
219	0.281664
220	0.282089
221	0.282415
222	0.282666
223	0.282860
224	0.283011
225	0.283128
226	0.283219
227	0.283290
228	0.283346
229	0.283390
230	0.283424
231	0.283451
232	0.283472
233	0.283488
234	0.283501
235	0.283511
236	0.283519
237	0.283526
238	0.283531
239	0.283534
240	0.283537
241	0.283540
242	0.283542
243	0.283543
244	0.283544
245	0.283545
246	0.283546
247	0.283546
248	0.283547
249	0.283547
250	0.283548
251	0.283548
252	0.283548
253	0.283548
254	0.283548
255	0.283548
256	0.283548
257	0.283548
258	0.283548
259	0.283548
260	0.283548
261	0.283548
262	0.283548
263	0.283548
264	0.283549
265	0.283549
266	0.283549
267	0.283549
268	0.283549
269	0.283549
270	0.283549
271	0.283549
272	0.283549
273	0.283549
274	0.283549
275	0.283549
276	0.283549
277	0.283548
278	0.283548
279	0.283548
280	0.283548
281	0.283548
282	0.283548
283	0.283548
284	0.283548
285	0.283548
286	0.283548
287	0.283548
288	0.283548
289	0.283548
290	0.283548
291	0.283547
292	0.283547
293	0.283546
294	0.283546
295	0.283545
296	0.283544
297	0.283543
298	0.283542
299	0.283540
300	0.283537
301	0.283534
302	0.283531
303	0.283526
304	0.283519
305	0.283511
306	0.283501
307	0.283488
308	0.283472
309	0.283451
310	0.283424
311	0.283390
312	0.283346
313	0.283290
314	0.283219
315	0.283128
316	0.283011
317	0.282860
318	0.282666
319	0.282415
320	0.282089
321	0.281664
322	0.281105
323	0.280366
324	0.279377
325	0.278039
326	0.276200
327	0.273614
328	0.269849
329	0.264022
330	0.254090
331	0.235224
332	0.198746
333	0.141774
334	0.084803
335	0.048325
336	0.029458
337	0.019526
338	0.013699
339	0.009934
340	0.007349
341	0.005509
342	0.004171
343	0.003182
344	0.002442
345	0.001883
346	0.001458
347	0.001131
348	0.000880
349	0.000685
350	0.000534
351	0.000415
352	0.000323
353	0.000249
354	0.000191
355	0.000145
356	0.000107
357	0.000075
358	0.000048
359	0.000023
360	-0.000000
One-Conductor Voltage
0	0.254090
1	0.235201
2	0.198698
3	0.141699
4	0.084696
5	0.048180
6	0.029267
7	0.019277
8	0.013377
9	0.009519
10	0.006815
11	0.004824
12	0.003291
13	0.002051
14	0.000984
15	0.000000
16	-0.000984
17	-0.002051
18	-0.003291
19	-0.004824
20	-0.006815
21	-0.009519
22	-0.013377
23	-0.019277
24	-0.029267
25	-0.048180
26	-0.084696
27	-0.141699
28	-0.198698
29	-0.235201
30	-0.254090
31	-0.264045
32	-0.269897
33	-0.273689
34	-0.276306
35	-0.278184
36	-0.279568
37	-0.280615
38	-0.281428
39	-0.282079
40	-0.282623
41	-0.283100
42	-0.283546
43	-0.283991
44	-0.284468
45	-0.285011
46	-0.285661
47	-0.286472
48	-0.287517
49	-0.288899
50	-0.290772
51	-0.293385
52	-0.297171
53	-0.303015
54	-0.312959
55	-0.331836
56	-0.368322
57	-0.425300
58	-0.482276
59	-0.518758
60	-0.537628
61	-0.547562
62	-0.553391
63	-0.557157
64	-0.559744
65	-0.561584
66	-0.562923
67	-0.563912
68	-0.564652
69	-0.565211
70	-0.565637
71	-0.565963
72	-0.566214
73	-0.566408
74	-0.566559
75	-0.566676
76	-0.566767
77	-0.566839
78	-0.566895
79	-0.566938
80	-0.566972
81	-0.566999
82	-0.567020
83	-0.567037
84	-0.567050
85	-0.567060
86	-0.567068
87	-0.567074
88	-0.567079
89	-0.567083
90	-0.567086
91	-0.567088
92	-0.567090
93	-0.567092
94	-0.567093
95	-0.567094
96	-0.567094
97	-0.567095
98	-0.567095
99	-0.567096
100	-0.567096
101	-0.567096
102	-0.567096
103	-0.567096
104	-0.567096
105	-0.567096
106	-0.567096
107	-0.567096
108	-0.567096
109	-0.567096
110	-0.567096
111	-0.567096
112	-0.567095
113	-0.567095
114	-0.567094
115	-0.567094
116	-0.567093
117	-0.567092
118	-0.567090
119	-0.567088
120	-0.567086
121	-0.567083
122	-0.567079
123	-0.567074
124	-0.567068
125	-0.567060
126	-0.567050
127	-0.567037
128	-0.567020
129	-0.566999
130	-0.566972
131	-0.566938
132	-0.566895
133	-0.566839
134	-0.566767
135	-0.566676
136	-0.566559
137	-0.566408
138	-0.566214
139	-0.565963
140	-0.565637
141	-0.565211
142	-0.564652
143	-0.563912
144	-0.562923
145	-0.561584
146	-0.559744
147	-0.557157
148	-0.553391
149	-0.547562
150	-0.537628
151	-0.518758
152	-0.482276
153	-0.425300
154	-0.368322
155	-0.331836
156	-0.312959
157	-0.303015
158	-0.297171
159	-0.293385
160	-0.290772
161	-0.288899
162	-0.287517
163	-0.286472
164	-0.285661
165	-0.285011
166	-0.284468
167	-0.283991
168	-0.283546
169	-0.283100
170	-0.282623
171	-0.282079
172	-0.281428
173	-0.280615
174	-0.279568
175	-0.278184
176	-0.276306
177	-0.273689
178	-0.269897
179	-0.264045
180	-0.254090
181	-0.235201
182	-0.198698
183	-0.141699
184	-0.084696
185	-0.048180
186	-0.029267
187	-0.019277
188	-0.013377
189	-0.009519
190	-0.006815
191	-0.004824
192	-0.003291
193	-0.002051
194	-0.000984
195	0.000000
196	0.000984
197	0.002051
198	0.003291
199	0.004824
200	0.006815
201	0.009519
202	0.013377
203	0.019277
204	0.029267
205	0.048180
206	0.084696
207	0.141699
208	0.198698
209	0.235201
210	0.254090
211	0.264045
212	0.269897
213	0.273689
214	0.276306
215	0.278184
216	0.279568
217	0.280615
218	0.281428
219	0.282079
220	0.282623
221	0.283100
222	0.283546
223	0.283991
224	0.284468
225	0.285011
226	0.285661
227	0.286472
228	0.287517
229	0.288899
230	0.290772
231	0.293385
232	0.297171
233	0.303015
234	0.312959
235	0.331836
236	0.368322
237	0.425300
238	0.482276
239	0.518758
240	0.537628
241	0.547562
242	0.553391
243	0.557157
244	0.559744
245	0.561584
246	0.562923
247	0.563912
248	0.564652
249	0.565211
250	0.565637
251	0.565963
252	0.566214
253	0.566408
254	0.566559
255	0.566676
256	0.566767
257	0.566839
258	0.566895
259	0.566938
260	0.566972
261	0.566999
262	0.567020
263	0.567037
264	0.567050
265	0.567060
266	0.567068
267	0.567074
268	0.567079
269	0.567083
270	0.567086
271	0.567088
272	0.567090
273	0.567092
274	0.567093
275	0.567094
276	0.567094
277	0.567095
278	0.567095
279	0.567096
280	0.567096
281	0.567096
282	0.567096
283	0.567096
284	0.567096
285	0.567096
286	0.567096
287	0.567096
288	0.567096
289	0.567096
290	0.567096
291	0.567096
292	0.567095
293	0.567095
294	0.567094
295	0.567094
296	0.567093
297	0.567092
298	0.567090
299	0.567088
300	0.567086
301	0.567083
302	0.567079
303	0.567074
304	0.567068
305	0.567060
306	0.567050
307	0.567037
308	0.567020
309	0.566999
310	0.566972
311	0.566938
312	0.566895
313	0.566839
314	0.566767
315	0.566676
316	0.566559
317	0.566408
318	0.566214
319	0.565963
320	0.565637
321	0.565211
322	0.564652
323	0.563912
324	0.562923
325	0.561584
326	0.559744
327	0.557157
328	0.553391
329	0.547562
330	0.537628
331	0.518758
332	0.482276
333	0.425300
334	0.368322
335	0.331836
336	0.312959
337	0.303015
338	0.297171
339	0.293385
340	0.290772
341	0.288899
342	0.287517
343	0.286472
344	0.285661
345	0.285011
346	0.284468
347	0.283991
348	0.283546
349	0.283100
350	0.282623
351	0.282079
352	0.281428
353	0.280615
354	0.279568
355	0.278184
356	0.276306
357	0.273689
358	0.269897
359	0.264045
360	0.254090
One-Turn Voltage
