Winding Voltages under Load 
Electric Degree
(Volts)
0	3.9006e-08
0	74.6678
1	74.6678
1	-63.6528
2	-63.6528
3	13.1867
4	19.1617
5	23.0101
6	25.0504
7	26.1652
8	26.8479
9	27.3107
10	27.6474
11	27.9066
12	28.117
13	28.2984
14	28.4658
15	28.632
16	28.8093
17	29.0113
18	29.2547
19	29.5619
20	29.9651
21	30.5151
22	31.3005
23	32.5001
24	34.5275
25	38.3594
26	45.7516
27	57.2922
28	68.8445
29	76.2635
29	160.489
30	160.489
31	159.823
32	157.711
33	154.101
33	126.983
34	126.983
35	93.5602
36	93.6945
37	93.7927
38	93.8668
39	93.9237
40	93.9685
41	94.0049
42	94.0361
43	94.0645
44	94.0925
45	94.1226
46	94.1575
47	94.2005
48	94.2559
49	94.3298
50	94.4307
51	94.5723
52	94.7779
53	95.0939
54	95.625
55	96.6163
56	98.5068
57	101.454
58	104.466
59	106.567
60	108
61	109.436
62	111.549
63	114.588
64	117.573
65	119.494
66	120.511
67	121.063
68	121.399
69	121.623
70	121.783
71	121.9
72	121.99
73	122.061
74	122.12
75	122.169
76	122.213
77	122.255
78	122.296
79	122.34
80	122.389
81	122.447
82	122.516
83	122.602
84	122.712
85	122.858
86	123.053
87	123.324
88	123.715
89	124.314
89	55.5107
90	55.5107
91	56.1767
92	58.2895
93	61.8994
93	89.1999
94	89.1999
95	122.44
96	122.306
97	122.207
98	122.133
99	122.076
100	122.032
101	121.995
102	121.964
103	121.936
104	121.908
105	121.877
106	121.843
107	121.8
108	121.744
109	121.67
110	121.569
111	121.428
112	121.222
113	120.906
114	120.375
115	119.384
116	117.493
117	114.546
118	111.534
119	109.433
120	108
121	106.564
122	104.451
123	101.412
124	98.4273
125	96.506
126	95.4895
127	94.9366
128	94.6008
129	94.3766
130	94.2174
131	94.0996
132	94.0096
133	93.9385
134	93.8804
135	93.831
136	93.7868
137	93.7451
138	93.7035
139	93.6595
140	93.6106
141	93.5535
142	93.4844
143	93.3982
144	93.2876
145	93.1422
146	92.9466
147	92.6757
148	92.2855
149	91.6863
149	-59.5108
150	-59.5108
151	-60.1768
152	-62.2896
153	-65.8994
153	-22.179
154	-22.179
155	37.2805
156	33.5727
157	31.6221
158	30.4761
159	29.7332
160	29.2199
161	28.8501
162	28.5744
163	28.3616
164	28.1898
165	28.0429
166	27.9074
167	27.7713
168	27.622
169	27.4447
170	27.2198
171	26.9187
172	26.4933
173	25.8503
174	24.7791
175	22.7895
176	19.0028
177	13.1028
178	7.07532
179	2.86952
180	-3.90059e-08
181	-2.87581
182	-7.10612
183	-13.1871
184	-19.1618
185	-23.0101
186	-25.0504
187	-26.1652
188	-26.8479
189	-27.3106
190	-27.6474
191	-27.9065
192	-28.1169
193	-28.2983
194	-28.4657
195	-28.6319
196	-28.8092
197	-29.0112
198	-29.2546
199	-29.5617
200	-29.9649
201	-30.5149
202	-31.3002
203	-32.4999
204	-34.5272
205	-38.3591
206	-45.7512
207	-57.2917
208	-68.8439
209	-76.2628
209	-160.489
210	-160.489
211	-159.823
212	-157.71
213	-154.101
213	-126.71
214	-126.71
215	-93.56
216	-93.6942
217	-93.7925
218	-93.8666
219	-93.9235
220	-93.9683
221	-94.0048
222	-94.0359
223	-94.0643
224	-94.0924
225	-94.1225
226	-94.1574
227	-94.2004
228	-94.2558
229	-94.3296
230	-94.4306
231	-94.5722
232	-94.7778
233	-95.0938
234	-95.6249
235	-96.6162
236	-98.5067
237	-101.454
238	-104.466
239	-106.567
240	-108
241	-109.436
242	-111.549
243	-114.588
244	-117.573
245	-119.494
246	-120.511
247	-121.063
248	-121.399
249	-121.623
250	-121.783
251	-121.9
252	-121.99
253	-122.061
254	-122.12
255	-122.169
256	-122.213
257	-122.255
258	-122.296
259	-122.34
260	-122.389
261	-122.447
262	-122.516
263	-122.602
264	-122.712
265	-122.858
266	-123.053
267	-123.324
268	-123.714
269	-124.314
269	-55.5108
270	-55.5108
271	-56.1768
272	-58.2896
273	-61.8995
273	-89.2987
274	-89.2987
275	-122.44
276	-122.306
277	-122.207
278	-122.133
279	-122.076
280	-122.032
281	-121.995
282	-121.964
283	-121.936
284	-121.908
285	-121.878
286	-121.843
287	-121.8
288	-121.744
289	-121.67
290	-121.569
291	-121.428
292	-121.222
293	-120.906
294	-120.375
295	-119.384
296	-117.493
297	-114.546
298	-111.534
299	-109.433
300	-108
301	-106.564
302	-104.451
303	-101.412
304	-98.4273
305	-96.506
306	-95.4895
307	-94.9366
308	-94.6008
309	-94.3766
310	-94.2174
311	-94.0996
312	-94.0096
313	-93.9385
314	-93.8805
315	-93.831
316	-93.7868
317	-93.7452
318	-93.7035
319	-93.6596
320	-93.6106
321	-93.5535
322	-93.4844
323	-93.3982
324	-93.2876
325	-93.1423
326	-92.9466
327	-92.6758
328	-92.2855
329	-91.6864
329	59.5108
330	59.5108
331	60.1768
332	62.2896
333	65.8995
333	22.1075
334	22.1075
335	-37.2806
336	-33.5728
337	-31.6221
338	-30.4761
339	-29.7333
340	-29.22
341	-28.8501
342	-28.5745
343	-28.3616
344	-28.1899
345	-28.0429
346	-27.9075
347	-27.7714
348	-27.622
349	-27.4447
350	-27.2198
351	-26.9187
352	-26.4933
353	-25.8503
354	-24.7792
355	-22.7895
356	-19.0028
357	-13.1028
358	-7.07533
359	-2.86952
360	3.9006e-08
360	74.6678
Phase Voltage va
0	108
0	220
1	220
1	12.5173
2	12.5173
3	127.774
4	136.734
5	142.504
6	145.561
7	147.229
8	148.247
9	148.934
10	149.43
11	149.807
12	150.107
13	150.36
14	150.585
15	150.801
16	151.023
17	151.266
18	151.551
19	151.902
20	152.355
21	152.962
22	153.816
23	155.102
24	157.24
25	161.217
26	168.805
27	180.617
28	192.559
29	200.577
29	216
30	216
31	216
32	216
33	216
33	216
34	216
35	216
36	216
37	216
38	216
39	216
40	216
41	216
42	216
43	216
44	216
45	216
46	216
47	216
48	216
49	216
50	216
51	216
52	216
53	216
54	216
55	216
56	216
57	216
58	216
59	216
60	216
61	216
62	216
63	216
64	216
65	216
66	216
67	216
68	216
69	216
70	216
71	216
72	216
73	216
74	216
75	216
76	216
77	216
78	216
79	216
80	216
81	216
82	216
83	216
84	216
85	216
86	216
87	216
88	216
89	216
89	-4
90	-4
91	-4
92	-4
93	-4
93	66.8886
94	66.8886
95	159.72
96	155.878
97	153.829
98	152.609
99	151.81
100	151.251
101	150.845
102	150.538
103	150.297
104	150.097
105	149.92
106	149.75
107	149.571
108	149.366
109	149.115
110	148.789
111	148.346
112	147.715
113	146.756
114	145.154
115	142.173
116	136.496
117	127.648
118	118.609
119	112.303
120	108
121	103.688
122	97.3445
123	88.225
124	79.2655
125	73.4959
126	70.4391
127	68.7714
128	67.7529
129	67.066
130	66.57
131	66.1931
132	65.8927
133	65.6402
134	65.4147
135	65.1991
136	64.9776
137	64.734
138	64.449
139	64.0978
140	63.6456
141	63.0385
142	62.1841
143	60.8983
144	58.7603
145	54.7831
146	47.1954
147	35.384
148	23.4415
149	15.4235
149	-220
150	-220
151	-220
152	-220
153	-220
153	-148.913
154	-148.913
155	-56.2795
156	-60.1215
157	-62.1705
158	-63.3906
159	-64.1903
160	-64.7484
161	-65.1547
162	-65.4615
163	-65.7027
164	-65.9025
165	-66.0796
166	-66.25
167	-66.4291
168	-66.6338
169	-66.885
170	-67.2108
171	-67.6535
172	-68.2845
173	-69.2435
174	-70.8458
175	-73.8267
176	-79.5039
177	-88.3515
178	-97.3906
179	-103.697
180	-108
181	-112.312
182	-118.656
183	-127.775
184	-136.735
185	-142.504
186	-145.561
187	-147.229
188	-148.247
189	-148.934
190	-149.43
191	-149.807
192	-150.107
193	-150.36
194	-150.585
195	-150.801
196	-151.022
197	-151.266
198	-151.551
199	-151.902
200	-152.354
201	-152.961
202	-153.816
203	-155.102
204	-157.24
205	-161.217
206	-168.805
207	-180.616
208	-192.558
209	-200.576
209	-216
210	-216
211	-216
212	-216
213	-216
213	-216
214	-216
215	-216
216	-216
217	-216
218	-216
219	-216
220	-216
221	-216
222	-216
223	-216
224	-216
225	-216
226	-216
227	-216
228	-216
229	-216
230	-216
231	-216
232	-216
233	-216
234	-216
235	-216
236	-216
237	-216
238	-216
239	-216
240	-216
241	-216
242	-216
243	-216
244	-216
245	-216
246	-216
247	-216
248	-216
249	-216
250	-216
251	-216
252	-216
253	-216
254	-216
255	-216
256	-216
257	-216
258	-216
259	-216
260	-216
261	-216
262	-216
263	-216
264	-216
265	-216
266	-216
267	-216
268	-216
269	-216
269	4
270	4
271	4
272	4
273	4
273	-67.1849
274	-67.1849
275	-159.721
276	-155.879
277	-153.83
278	-152.61
279	-151.81
280	-151.252
281	-150.845
282	-150.539
283	-150.297
284	-150.098
285	-149.92
286	-149.75
287	-149.571
288	-149.366
289	-149.115
290	-148.789
291	-148.347
292	-147.716
293	-146.757
294	-145.154
295	-142.173
296	-136.496
297	-127.648
298	-118.609
299	-112.303
300	-108
301	-103.688
302	-97.3445
303	-88.225
304	-79.2655
305	-73.4959
306	-70.4391
307	-68.7714
308	-67.7529
309	-67.066
310	-66.57
311	-66.1931
312	-65.8927
313	-65.6402
314	-65.4147
315	-65.1991
316	-64.9777
317	-64.734
318	-64.449
319	-64.0978
320	-63.6456
321	-63.0386
322	-62.1842
323	-60.8983
324	-58.7604
325	-54.7832
326	-47.1955
327	-35.3841
328	-23.4416
329	-15.4236
329	220
330	220
331	220
332	220
333	220
333	148.806
334	148.806
335	56.2794
336	60.1214
337	62.1704
338	63.3905
339	64.1902
340	64.7483
341	65.1546
342	65.4614
343	65.7027
344	65.9025
345	66.0795
346	66.2499
347	66.429
348	66.6338
349	66.8849
350	67.2107
351	67.6535
352	68.2845
353	69.2435
354	70.8458
355	73.8267
356	79.5039
357	88.3515
358	97.3906
359	103.697
360	108
360	220
Line Voltage vab
