Winding Currents under Load 
Electric Degree
(Amperes)
0	2.76321
1	2.93444
2	2.73637
3	2.70988
4	2.71799
5	2.7371
6	2.76077
7	2.78654
8	2.81333
9	2.8406
10	2.86804
11	2.89548
12	2.9228
13	2.94992
14	2.97679
15	3.00337
16	3.02966
17	3.05565
18	3.08134
19	3.10675
20	3.13192
21	3.15689
22	3.18173
23	3.20653
24	3.23144
25	3.25664
26	3.28239
27	3.30912
28	3.33746
29	3.36854
29	1.94227e-11
30	0.44413
31	0.878621
32	1.29775
33	1.69907
34	1.96116
35	2.02487
36	2.07526
37	2.12432
38	2.1724
39	2.2196
40	2.26595
41	2.3115
42	2.35624
43	2.40018
44	2.4433
45	2.48559
46	2.527
47	2.56749
48	2.60699
49	2.64541
50	2.68262
51	2.71843
52	2.75254
53	2.7844
54	2.81294
55	2.83574
56	2.84802
57	2.84426
58	2.82486
59	2.79626
60	2.76468
61	2.73522
62	2.71398
63	2.70724
64	2.71545
65	2.73458
66	2.75826
67	2.78406
68	2.81086
69	2.83815
70	2.86561
71	2.89306
72	2.9204
73	2.94754
74	2.97442
75	3.00103
76	3.02733
77	3.05334
78	3.07905
79	3.10448
80	3.12966
81	3.15465
82	3.17951
83	3.20433
84	3.22926
85	3.25447
86	3.28025
87	3.30699
88	3.33535
89	3.36645
89	1.9424e-11
90	0.444135
91	0.878632
92	1.29777
93	1.69913
94	1.96019
95	2.02382
96	2.07422
97	2.12327
98	2.17136
99	2.21856
100	2.26492
101	2.31046
102	2.35521
103	2.39915
104	2.44227
105	2.48456
106	2.52598
107	2.56647
108	2.60598
109	2.64441
110	2.68162
111	2.71744
112	2.75154
113	2.78341
114	2.81195
115	2.83476
116	2.84704
117	2.84329
118	2.8239
119	2.79531
120	2.76374
121	2.73428
122	2.71305
123	2.70631
124	2.71453
125	2.73367
126	2.75736
127	2.78316
128	2.80997
129	2.83726
130	2.86473
131	2.89219
132	2.91953
133	2.94668
134	2.97357
135	3.00018
136	3.02649
137	3.0525
138	3.07822
139	3.10365
140	3.12885
141	3.15384
142	3.17871
143	3.20354
144	3.22847
145	3.25369
146	3.27947
147	3.30622
148	3.33458
149	3.36569
149	1.94235e-11
150	0.444137
151	0.878636
152	1.29778
153	1.69915
154	1.95984
155	2.02345
156	2.07384
157	2.1229
158	2.17099
159	2.21818
160	2.26454
161	2.31009
162	2.35483
163	2.39878
164	2.4419
165	2.48419
166	2.52561
167	2.56611
168	2.60561
169	2.64404
170	2.68126
171	2.71707
172	2.75118
173	2.78305
174	2.8116
175	2.8344
176	2.84669
177	2.84294
178	2.82355
179	2.79496
180	2.76339
181	2.73394
182	2.71271
183	2.70598
184	2.7142
185	2.73334
186	2.75703
187	2.78283
188	2.80965
189	2.83694
190	2.86441
191	2.89187
192	2.91922
193	2.94636
194	2.97326
195	2.99987
196	3.02619
197	3.0522
198	3.07792
199	3.10335
200	3.12855
201	3.15355
202	3.17841
203	3.20325
204	3.22818
205	3.25341
206	3.27919
207	3.30594
208	3.33431
209	3.36541
209	1.94236e-11
210	0.444138
211	0.878638
212	1.29778
213	1.69916
214	1.95971
215	2.02331
216	2.0737
217	2.12276
218	2.17085
219	2.21805
220	2.26441
221	2.30995
222	2.3547
223	2.39864
224	2.44177
225	2.48406
226	2.52548
227	2.56597
228	2.60548
229	2.64391
230	2.68113
231	2.71694
232	2.75105
233	2.78292
234	2.81147
235	2.83428
236	2.84656
237	2.84282
238	2.82343
239	2.79484
240	2.76327
241	2.73382
242	2.71259
243	2.70585
244	2.71408
245	2.73322
246	2.75691
247	2.78271
248	2.80953
249	2.83682
250	2.86429
251	2.89176
252	2.9191
253	2.94625
254	2.97315
255	2.99976
256	3.02608
257	3.05209
258	3.07781
259	3.10325
260	3.12844
261	3.15344
262	3.17831
263	3.20314
264	3.22808
265	3.2533
266	3.27909
267	3.30584
268	3.33421
269	3.36532
269	1.94249e-11
270	0.444138
271	0.878638
272	1.29778
273	1.69916
274	1.95966
275	2.02326
276	2.07365
277	2.12271
278	2.1708
279	2.218
280	2.26436
281	2.3099
282	2.35465
283	2.39859
284	2.44172
285	2.48401
286	2.52543
287	2.56592
288	2.60543
289	2.64386
290	2.68108
291	2.71689
292	2.75101
293	2.78288
294	2.81142
295	2.83423
296	2.84652
297	2.84277
298	2.82338
299	2.79479
300	2.76322
301	2.73377
302	2.71254
303	2.70581
304	2.71403
305	2.73317
306	2.75687
307	2.78267
308	2.80949
309	2.83678
310	2.86425
311	2.89172
312	2.91906
313	2.94621
314	2.97311
315	2.99972
316	3.02604
317	3.05205
318	3.07777
319	3.10321
320	3.1284
321	3.1534
322	3.17827
323	3.20311
324	3.22804
325	3.25327
326	3.27905
327	3.3058
328	3.33417
329	3.36528
329	1.94236e-11
330	0.444138
331	0.878638
332	1.29778
333	1.69916
334	1.95965
335	2.02324
336	2.07364
337	2.12269
338	2.17078
339	2.21798
340	2.26434
341	2.30989
342	2.35463
343	2.39857
344	2.4417
345	2.48399
346	2.52541
347	2.56591
348	2.60541
349	2.64384
350	2.68106
351	2.71688
352	2.75099
353	2.78286
354	2.8114
355	2.83421
356	2.8465
357	2.84275
358	2.82336
359	2.79477
360	2.76321
Source Current
0	1.12e-10
1	0.401789
2	-1.65173e-11
3	9.22257e-11
4	8.32655e-11
5	7.74959e-11
6	7.44391e-11
7	7.27714e-11
8	7.17529e-11
9	7.1066e-11
10	7.057e-11
11	7.0193e-11
12	6.98926e-11
13	6.96401e-11
14	6.94146e-11
15	6.9199e-11
16	6.89775e-11
17	6.87338e-11
18	6.84487e-11
19	6.80976e-11
20	6.76454e-11
21	6.70383e-11
22	6.61839e-11
23	6.4898e-11
24	6.276e-11
25	5.87828e-11
26	5.11949e-11
27	3.93834e-11
28	2.74408e-11
29	1.94227e-11
30	0.44413
31	0.878621
32	1.29775
33	1.69907
34	1.96116
35	2.02487
36	2.07526
37	2.12432
38	2.1724
39	2.2196
40	2.26595
41	2.3115
42	2.35624
43	2.40018
44	2.4433
45	2.48559
46	2.527
47	2.56749
48	2.60699
49	2.64541
50	2.68262
51	2.71843
52	2.75254
53	2.7844
54	2.81294
55	2.83574
56	2.84802
57	2.84426
58	2.82486
59	2.79626
60	2.76468
61	2.73522
62	2.71398
63	2.70724
64	2.71545
65	2.73458
66	2.75826
67	2.78406
68	2.81086
69	2.83815
70	2.86561
71	2.89306
72	2.9204
73	2.94754
74	2.97442
75	3.00103
76	3.02733
77	3.05334
78	3.07905
79	3.10448
80	3.12966
81	3.15465
82	3.17951
83	3.20433
84	3.22926
85	3.25447
86	3.28025
87	3.30699
88	3.33535
89	3.36645
90	3.01669
91	2.68724
92	2.37146
93	2.08147
94	1.96019
95	2.02382
96	2.07422
97	2.12327
98	2.17136
99	2.21856
100	2.26492
101	2.31046
102	2.35521
103	2.39915
104	2.44227
105	2.48456
106	2.52598
107	2.56647
108	2.60598
109	2.64441
110	2.68162
111	2.71744
112	2.75154
113	2.78341
114	2.81195
115	2.83476
116	2.84704
117	2.84329
118	2.8239
119	2.79531
120	2.76374
121	2.73428
122	2.71305
123	2.70631
124	2.71453
125	2.73367
126	2.75736
127	2.78316
128	2.80997
129	2.83726
130	2.86473
131	2.89219
132	2.91953
133	2.94668
134	2.97357
135	3.00018
136	3.02649
137	3.0525
138	3.07822
139	3.10365
140	3.12885
141	3.15384
142	3.17871
143	3.20354
144	3.22847
145	3.25369
146	3.27947
147	3.30622
148	3.33458
149	3.36569
150	2.5718
151	1.80785
152	1.07294
153	0.381586
154	-7.1087e-11
155	6.02795e-11
156	6.41215e-11
157	6.61705e-11
158	6.73906e-11
159	6.81903e-11
160	6.87484e-11
161	6.91547e-11
162	6.94615e-11
163	6.97027e-11
164	6.99025e-11
165	7.00796e-11
166	7.025e-11
167	7.04291e-11
168	7.06338e-11
169	7.0885e-11
170	7.12108e-11
171	7.16535e-11
172	7.22845e-11
173	7.32435e-11
174	7.48458e-11
175	7.78267e-11
176	8.35039e-11
177	9.23515e-11
178	1.01391e-10
179	1.07697e-10
180	-1.12e-10
181	-1.07688e-10
182	-1.01344e-10
183	-9.2225e-11
184	-8.32655e-11
185	-7.74959e-11
186	-7.44391e-11
187	-7.27714e-11
188	-7.17529e-11
189	-7.1066e-11
190	-7.057e-11
191	-7.01931e-11
192	-6.98927e-11
193	-6.96402e-11
194	-6.94147e-11
195	-6.91991e-11
196	-6.89777e-11
197	-6.8734e-11
198	-6.8449e-11
199	-6.80978e-11
200	-6.76456e-11
201	-6.70386e-11
202	-6.61842e-11
203	-6.48983e-11
204	-6.27604e-11
205	-5.87832e-11
206	-5.11955e-11
207	-3.93841e-11
208	-2.74416e-11
209	-1.94236e-11
210	-0.444138
211	-0.878638
212	-1.29778
213	-1.69916
214	-1.95971
215	-2.02331
216	-2.0737
217	-2.12276
218	-2.17085
219	-2.21805
220	-2.26441
221	-2.30995
222	-2.3547
223	-2.39864
224	-2.44177
225	-2.48406
226	-2.52548
227	-2.56597
228	-2.60548
229	-2.64391
230	-2.68113
231	-2.71694
232	-2.75105
233	-2.78292
234	-2.81147
235	-2.83428
236	-2.84656
237	-2.84282
238	-2.82343
239	-2.79484
240	-2.76327
241	-2.73382
242	-2.71259
243	-2.70585
244	-2.71408
245	-2.73322
246	-2.75691
247	-2.78271
248	-2.80953
249	-2.83682
250	-2.86429
251	-2.89176
252	-2.9191
253	-2.94625
254	-2.97315
255	-2.99976
256	-3.02608
257	-3.05209
258	-3.07781
259	-3.10325
260	-3.12844
261	-3.15344
262	-3.17831
263	-3.20314
264	-3.22808
265	-3.2533
266	-3.27909
267	-3.30584
268	-3.33421
269	-3.36532
270	-3.01557
271	-2.68612
272	-2.37035
273	-2.08037
274	-1.95966
275	-2.02326
276	-2.07365
277	-2.12271
278	-2.1708
279	-2.218
280	-2.26436
281	-2.3099
282	-2.35465
283	-2.39859
284	-2.44172
285	-2.48401
286	-2.52543
287	-2.56592
288	-2.60543
289	-2.64386
290	-2.68108
291	-2.71689
292	-2.75101
293	-2.78288
294	-2.81142
295	-2.83423
296	-2.84652
297	-2.84277
298	-2.82338
299	-2.79479
300	-2.76322
301	-2.73377
302	-2.71254
303	-2.70581
304	-2.71403
305	-2.73317
306	-2.75687
307	-2.78267
308	-2.80949
309	-2.83678
310	-2.86425
311	-2.89172
312	-2.91906
313	-2.94621
314	-2.97311
315	-2.99972
316	-3.02604
317	-3.05205
318	-3.07777
319	-3.10321
320	-3.1284
321	-3.1534
322	-3.17827
323	-3.20311
324	-3.22804
325	-3.25327
326	-3.27905
327	-3.3058
328	-3.33417
329	-3.36528
330	-2.57139
331	-1.80745
332	-1.07253
333	-0.381179
334	7.11943e-11
335	-6.02794e-11
336	-6.41214e-11
337	-6.61704e-11
338	-6.73905e-11
339	-6.81902e-11
340	-6.87483e-11
341	-6.91546e-11
342	-6.94614e-11
343	-6.97027e-11
344	-6.99025e-11
345	-7.00795e-11
346	-7.02499e-11
347	-7.0429e-11
348	-7.06338e-11
349	-7.08849e-11
350	-7.12107e-11
351	-7.16535e-11
352	-7.22845e-11
353	-7.32435e-11
354	-7.48458e-11
355	-7.78267e-11
356	-8.35039e-11
357	-9.23515e-11
358	-1.01391e-10
359	-1.07697e-10
360	1.12e-10
Phase Current ia
0	-2.76321
1	-2.93444
2	-2.73637
3	-2.70988
4	-2.71799
5	-2.7371
6	-2.76077
7	-2.78654
8	-2.81333
9	-2.8406
10	-2.86804
11	-2.89548
12	-2.9228
13	-2.94992
14	-2.97679
15	-3.00337
16	-3.02966
17	-3.05565
18	-3.08134
19	-3.10675
20	-3.13192
21	-3.15689
22	-3.18173
23	-3.20653
24	-3.23144
25	-3.25664
26	-3.28239
27	-3.30912
28	-3.33746
29	-3.36854
30	-3.01876
31	-2.6893
32	-2.37352
33	-2.08349
34	-1.96116
35	-2.02487
36	-2.07526
37	-2.12432
38	-2.1724
39	-2.2196
40	-2.26595
41	-2.3115
42	-2.35624
43	-2.40018
44	-2.4433
45	-2.48559
46	-2.527
47	-2.56749
48	-2.60699
49	-2.64541
50	-2.68262
51	-2.71843
52	-2.75254
53	-2.7844
54	-2.81294
55	-2.83574
56	-2.84802
57	-2.84426
58	-2.82486
59	-2.79626
60	-2.76468
61	-2.73522
62	-2.71398
63	-2.70724
64	-2.71545
65	-2.73458
66	-2.75826
67	-2.78406
68	-2.81086
69	-2.83815
70	-2.86561
71	-2.89306
72	-2.9204
73	-2.94754
74	-2.97442
75	-3.00103
76	-3.02733
77	-3.05334
78	-3.07905
79	-3.10448
80	-3.12966
81	-3.15465
82	-3.17951
83	-3.20433
84	-3.22926
85	-3.25447
86	-3.28025
87	-3.30699
88	-3.33535
89	-3.36645
90	-2.57255
91	-1.80861
92	-1.07369
93	-0.382339
94	7.08886e-11
95	-6.02796e-11
96	-6.41217e-11
97	-6.61706e-11
98	-6.73907e-11
99	-6.81904e-11
100	-6.87485e-11
101	-6.91549e-11
102	-6.94616e-11
103	-6.97028e-11
104	-6.99027e-11
105	-7.00797e-11
106	-7.02501e-11
107	-7.04292e-11
108	-7.06339e-11
109	-7.08851e-11
110	-7.12109e-11
111	-7.16536e-11
112	-7.22846e-11
113	-7.32436e-11
114	-7.48459e-11
115	-7.78267e-11
116	-8.3504e-11
117	-9.23516e-11
118	-1.01391e-10
119	-1.07697e-10
120	1.12e-10
121	1.07688e-10
122	1.01344e-10
123	9.2225e-11
124	8.32655e-11
125	7.74959e-11
126	7.44391e-11
127	7.27714e-11
128	7.17529e-11
129	7.1066e-11
130	7.057e-11
131	7.01931e-11
132	6.98927e-11
133	6.96402e-11
134	6.94147e-11
135	6.91991e-11
136	6.89776e-11
137	6.8734e-11
138	6.8449e-11
139	6.80978e-11
140	6.76456e-11
141	6.70385e-11
142	6.61841e-11
143	6.48983e-11
144	6.27603e-11
145	5.87831e-11
146	5.11954e-11
147	3.9384e-11
148	2.74415e-11
149	1.94235e-11
150	0.444137
151	0.878636
152	1.29778
153	1.69915
154	1.95984
155	2.02345
156	2.07384
157	2.1229
158	2.17099
159	2.21818
160	2.26454
161	2.31009
162	2.35483
163	2.39878
164	2.4419
165	2.48419
166	2.52561
167	2.56611
168	2.60561
169	2.64404
170	2.68126
171	2.71707
172	2.75118
173	2.78305
174	2.8116
175	2.8344
176	2.84669
177	2.84294
178	2.82355
179	2.79496
180	2.76339
181	2.73394
182	2.71271
183	2.70598
184	2.7142
185	2.73334
186	2.75703
187	2.78283
188	2.80965
189	2.83694
190	2.86441
191	2.89187
192	2.91922
193	2.94636
194	2.97326
195	2.99987
196	3.02619
197	3.0522
198	3.07792
199	3.10335
200	3.12855
201	3.15355
202	3.17841
203	3.20325
204	3.22818
205	3.25341
206	3.27919
207	3.30594
208	3.33431
209	3.36541
210	3.01566
211	2.68622
212	2.37044
213	2.08047
214	1.95971
215	2.02331
216	2.0737
217	2.12276
218	2.17085
219	2.21805
220	2.26441
221	2.30995
222	2.3547
223	2.39864
224	2.44177
225	2.48406
226	2.52548
227	2.56597
228	2.60548
229	2.64391
230	2.68113
231	2.71694
232	2.75105
233	2.78292
234	2.81147
235	2.83428
236	2.84656
237	2.84282
238	2.82343
239	2.79484
240	2.76327
241	2.73382
242	2.71259
243	2.70585
244	2.71408
245	2.73322
246	2.75691
247	2.78271
248	2.80953
249	2.83682
250	2.86429
251	2.89176
252	2.9191
253	2.94625
254	2.97315
255	2.99976
256	3.02608
257	3.05209
258	3.07781
259	3.10325
260	3.12844
261	3.15344
262	3.17831
263	3.20314
264	3.22808
265	3.2533
266	3.27909
267	3.30584
268	3.33421
269	3.36532
270	2.57143
271	1.80748
272	1.07257
273	0.381214
274	-7.11849e-11
275	6.02794e-11
276	6.41214e-11
277	6.61704e-11
278	6.73905e-11
279	6.81902e-11
280	6.87483e-11
281	6.91546e-11
282	6.94614e-11
283	6.97027e-11
284	6.99025e-11
285	7.00796e-11
286	7.02499e-11
287	7.0429e-11
288	7.06338e-11
289	7.08849e-11
290	7.12107e-11
291	7.16535e-11
292	7.22845e-11
293	7.32435e-11
294	7.48458e-11
295	7.78267e-11
296	8.35039e-11
297	9.23515e-11
298	1.01391e-10
299	1.07697e-10
300	-1.12e-10
301	-1.07688e-10
302	-1.01344e-10
303	-9.2225e-11
304	-8.32655e-11
305	-7.74959e-11
306	-7.44391e-11
307	-7.27714e-11
308	-7.17529e-11
309	-7.1066e-11
310	-7.057e-11
311	-7.01931e-11
312	-6.98927e-11
313	-6.96402e-11
314	-6.94147e-11
315	-6.91991e-11
316	-6.89777e-11
317	-6.8734e-11
318	-6.8449e-11
319	-6.80978e-11
320	-6.76456e-11
321	-6.70386e-11
322	-6.61842e-11
323	-6.48983e-11
324	-6.27604e-11
325	-5.87832e-11
326	-5.11955e-11
327	-3.93841e-11
328	-2.74416e-11
329	-1.94236e-11
330	-0.444138
331	-0.878638
332	-1.29778
333	-1.69916
334	-1.95965
335	-2.02324
336	-2.07364
337	-2.12269
338	-2.17078
339	-2.21798
340	-2.26434
341	-2.30989
342	-2.35463
343	-2.39857
344	-2.4417
345	-2.48399
346	-2.52541
347	-2.56591
348	-2.60541
349	-2.64384
350	-2.68106
351	-2.71688
352	-2.75099
353	-2.78286
354	-2.8114
355	-2.83421
356	-2.8465
357	-2.84275
358	-2.82336
359	-2.79477
360	-2.76321
Phase Current ib
0	2.76321
1	2.53265
2	2.73637
3	2.70988
4	2.71799
5	2.7371
6	2.76077
7	2.78654
8	2.81333
9	2.8406
10	2.86804
11	2.89548
12	2.9228
13	2.94992
14	2.97679
15	3.00337
16	3.02966
17	3.05565
18	3.08134
19	3.10675
20	3.13192
21	3.15689
22	3.18173
23	3.20653
24	3.23144
25	3.25664
26	3.28239
27	3.30912
28	3.33746
29	3.36854
30	2.57463
31	1.81068
32	1.07577
33	0.384419
34	-7.03408e-11
35	6.02798e-11
36	6.41216e-11
37	6.61706e-11
38	6.73905e-11
39	6.81908e-11
40	6.87486e-11
41	6.91553e-11
42	6.94627e-11
43	6.97042e-11
44	6.99032e-11
45	7.00799e-11
46	7.02505e-11
47	7.0429e-11
48	7.06342e-11
49	7.08846e-11
50	7.1211e-11
51	7.16529e-11
52	7.22853e-11
53	7.32427e-11
54	7.48468e-11
55	7.78271e-11
56	8.35048e-11
57	9.2351e-11
58	1.01391e-10
59	1.07698e-10
60	-1.12e-10
61	-1.07688e-10
62	-1.01345e-10
63	-9.22253e-11
64	-8.32658e-11
65	-7.74962e-11
66	-7.44387e-11
67	-7.27711e-11
68	-7.17524e-11
69	-7.10672e-11
70	-7.05698e-11
71	-7.01932e-11
72	-6.98934e-11
73	-6.96403e-11
74	-6.94151e-11
75	-6.91993e-11
76	-6.89764e-11
77	-6.87348e-11
78	-6.84488e-11
79	-6.8098e-11
80	-6.76459e-11
81	-6.70402e-11
82	-6.61839e-11
83	-6.48979e-11
84	-6.276e-11
85	-5.87819e-11
86	-5.11959e-11
87	-3.93845e-11
88	-2.74407e-11
89	-1.9424e-11
90	-0.444135
91	-0.878632
92	-1.29777
93	-1.69913
94	-1.96019
95	-2.02382
96	-2.07422
97	-2.12327
98	-2.17136
99	-2.21856
100	-2.26492
101	-2.31046
102	-2.35521
103	-2.39915
104	-2.44227
105	-2.48456
106	-2.52598
107	-2.56647
108	-2.60598
109	-2.64441
110	-2.68162
111	-2.71744
112	-2.75154
113	-2.78341
114	-2.81195
115	-2.83476
116	-2.84704
117	-2.84329
118	-2.8239
119	-2.79531
120	-2.76374
121	-2.73428
122	-2.71305
123	-2.70631
124	-2.71453
125	-2.73367
126	-2.75736
127	-2.78316
128	-2.80997
129	-2.83726
130	-2.86473
131	-2.89219
132	-2.91953
133	-2.94668
134	-2.97357
135	-3.00018
136	-3.02649
137	-3.0525
138	-3.07822
139	-3.10365
140	-3.12885
141	-3.15384
142	-3.17871
143	-3.20354
144	-3.22847
145	-3.25369
146	-3.27947
147	-3.30622
148	-3.33458
149	-3.36569
150	-3.01594
151	-2.68649
152	-2.37071
153	-2.08074
154	-1.95984
155	-2.02345
156	-2.07384
157	-2.1229
158	-2.17099
159	-2.21818
160	-2.26454
161	-2.31009
162	-2.35483
163	-2.39878
164	-2.4419
165	-2.48419
166	-2.52561
167	-2.56611
168	-2.60561
169	-2.64404
170	-2.68126
171	-2.71707
172	-2.75118
173	-2.78305
174	-2.8116
175	-2.8344
176	-2.84669
177	-2.84294
178	-2.82355
179	-2.79496
180	-2.76339
181	-2.73394
182	-2.71271
183	-2.70598
184	-2.7142
185	-2.73334
186	-2.75703
187	-2.78283
188	-2.80965
189	-2.83694
190	-2.86441
191	-2.89187
192	-2.91922
193	-2.94636
194	-2.97326
195	-2.99987
196	-3.02619
197	-3.0522
198	-3.07792
199	-3.10335
200	-3.12855
201	-3.15355
202	-3.17841
203	-3.20325
204	-3.22818
205	-3.25341
206	-3.27919
207	-3.30594
208	-3.33431
209	-3.36541
210	-2.57153
211	-1.80758
212	-1.07267
213	-0.381313
214	7.11584e-11
215	-6.02793e-11
216	-6.41212e-11
217	-6.61697e-11
218	-6.73905e-11
219	-6.81903e-11
220	-6.87472e-11
221	-6.91549e-11
222	-6.94609e-11
223	-6.97025e-11
224	-6.99023e-11
225	-7.00799e-11
226	-7.02496e-11
227	-7.0429e-11
228	-7.06342e-11
229	-7.08846e-11
230	-7.12115e-11
231	-7.16533e-11
232	-7.22844e-11
233	-7.32436e-11
234	-7.4845e-11
235	-7.78266e-11
236	-8.3503e-11
237	-9.23519e-11
238	-1.0139e-10
239	-1.07697e-10
240	1.11999e-10
241	1.07687e-10
242	1.01345e-10
243	9.22258e-11
244	8.32658e-11
245	7.74962e-11
246	7.44391e-11
247	7.27716e-11
248	7.17524e-11
249	7.10658e-11
250	7.05698e-11
251	7.01941e-11
252	6.98934e-11
253	6.96403e-11
254	6.94156e-11
255	6.91989e-11
256	6.89782e-11
257	6.87348e-11
258	6.84488e-11
259	6.80989e-11
260	6.76459e-11
261	6.70384e-11
262	6.61839e-11
263	6.48974e-11
264	6.27618e-11
265	5.87832e-11
266	5.1195e-11
267	3.93849e-11
268	2.74425e-11
269	1.94249e-11
270	0.444138
271	0.878638
272	1.29778
273	1.69916
274	1.95966
275	2.02326
276	2.07365
277	2.12271
278	2.1708
279	2.218
280	2.26436
281	2.3099
282	2.35465
283	2.39859
284	2.44172
285	2.48401
286	2.52543
287	2.56592
288	2.60543
289	2.64386
290	2.68108
291	2.71689
292	2.75101
293	2.78288
294	2.81142
295	2.83423
296	2.84652
297	2.84277
298	2.82338
299	2.79479
300	2.76322
301	2.73377
302	2.71254
303	2.70581
304	2.71403
305	2.73317
306	2.75687
307	2.78267
308	2.80949
309	2.83678
310	2.86425
311	2.89172
312	2.91906
313	2.94621
314	2.97311
315	2.99972
316	3.02604
317	3.05205
318	3.07777
319	3.10321
320	3.1284
321	3.1534
322	3.17827
323	3.20311
324	3.22804
325	3.25327
326	3.27905
327	3.3058
328	3.33417
329	3.36528
330	3.01553
331	2.68608
332	2.37031
333	2.08034
334	1.95965
335	2.02324
336	2.07364
337	2.12269
338	2.17078
339	2.21798
340	2.26434
341	2.30989
342	2.35463
343	2.39857
344	2.4417
345	2.48399
346	2.52541
347	2.56591
348	2.60541
349	2.64384
350	2.68106
351	2.71688
352	2.75099
353	2.78286
354	2.8114
355	2.83421
356	2.8465
357	2.84275
358	2.82336
359	2.79477
360	2.76321
Phase Current ic
