Induced Winding Voltages at Rated Speed
Electric Degree
(Volts)
0	0.000000
1	2.888097
2	7.128873
3	13.215680
4	19.185237
5	23.029466
6	25.061842
7	26.166917
8	26.839067
9	27.290586
10	27.615721
11	27.862849
12	28.060960
13	28.229769
14	28.384251
15	28.537164
16	28.700838
17	28.888798
18	29.117608
19	29.409457
20	29.796399
21	30.328666
22	31.094074
23	32.269931
24	34.265897
25	38.049691
26	45.359186
27	56.771675
28	68.183584
29	75.491304
30	79.272020
31	81.263414
32	82.432922
33	83.189803
34	83.710819
35	84.083054
36	84.355753
37	84.559647
38	84.715130
39	84.836319
40	84.933346
41	85.013775
42	85.083536
43	85.147583
44	85.210407
45	85.276482
46	85.350733
47	85.439095
48	85.549289
49	85.692021
50	85.883046
51	86.147285
52	86.528502
53	87.115245
54	88.112262
55	90.003349
56	93.657389
57	99.362987
58	105.068315
59	108.721531
60	110.611189
61	111.606087
62	112.189898
63	112.567193
64	112.826286
65	113.010634
66	113.144754
67	113.243873
68	113.318017
69	113.374017
70	113.416648
71	113.449309
72	113.474462
73	113.493912
74	113.509002
75	113.520739
76	113.529887
77	113.537026
78	113.542603
79	113.546962
80	113.550368
81	113.553028
82	113.555101
83	113.556710
84	113.557951
85	113.558899
86	113.559607
87	113.560120
88	113.560466
89	113.560666
90	113.560731
91	113.560666
92	113.560466
93	113.560120
94	113.559607
95	113.558899
96	113.557951
97	113.556710
98	113.555101
99	113.553028
100	113.550368
101	113.546962
102	113.542603
103	113.537026
104	113.529887
105	113.520739
106	113.509002
107	113.493912
108	113.474462
109	113.449309
110	113.416648
111	113.374017
112	113.318017
113	113.243873
114	113.144754
115	113.010634
116	112.826286
117	112.567193
118	112.189898
119	111.606087
120	110.611189
121	108.721531
122	105.068315
123	99.362987
124	93.657389
125	90.003349
126	88.112262
127	87.115245
128	86.528502
129	86.147285
130	85.883046
131	85.692021
132	85.549289
133	85.439095
134	85.350733
135	85.276482
136	85.210407
137	85.147583
138	85.083536
139	85.013775
140	84.933346
141	84.836319
142	84.715130
143	84.559647
144	84.355753
145	84.083054
146	83.710819
147	83.189803
148	82.432922
149	81.263414
150	79.272020
151	75.491304
152	68.183584
153	56.771675
154	45.359186
155	38.049691
156	34.265897
157	32.269931
158	31.094074
159	30.328666
160	29.796399
161	29.409457
162	29.117608
163	28.888798
164	28.700838
165	28.537164
166	28.384251
167	28.229769
168	28.060960
169	27.862849
170	27.615721
171	27.290586
172	26.839067
173	26.166917
174	25.061842
175	23.029466
176	19.185237
177	13.215680
178	7.128873
179	2.888097
180	0.000000
181	-2.888097
182	-7.128873
183	-13.215680
184	-19.185237
185	-23.029466
186	-25.061842
187	-26.166917
188	-26.839067
189	-27.290586
190	-27.615721
191	-27.862849
192	-28.060960
193	-28.229769
194	-28.384251
195	-28.537164
196	-28.700838
197	-28.888798
198	-29.117608
199	-29.409457
200	-29.796399
201	-30.328666
202	-31.094074
203	-32.269931
204	-34.265897
205	-38.049691
206	-45.359186
207	-56.771675
208	-68.183584
209	-75.491304
210	-79.272020
211	-81.263414
212	-82.432922
213	-83.189803
214	-83.710819
215	-84.083054
216	-84.355753
217	-84.559647
218	-84.715130
219	-84.836319
220	-84.933346
221	-85.013775
222	-85.083536
223	-85.147583
224	-85.210407
225	-85.276482
226	-85.350733
227	-85.439095
228	-85.549289
229	-85.692021
230	-85.883046
231	-86.147285
232	-86.528502
233	-87.115245
234	-88.112262
235	-90.003349
236	-93.657389
237	-99.362987
238	-105.068315
239	-108.721531
240	-110.611189
241	-111.606087
242	-112.189898
243	-112.567193
244	-112.826286
245	-113.010634
246	-113.144754
247	-113.243873
248	-113.318017
249	-113.374017
250	-113.416648
251	-113.449309
252	-113.474462
253	-113.493912
254	-113.509002
255	-113.520739
256	-113.529887
257	-113.537026
258	-113.542603
259	-113.546962
260	-113.550368
261	-113.553028
262	-113.555101
263	-113.556710
264	-113.557951
265	-113.558899
266	-113.559607
267	-113.560120
268	-113.560466
269	-113.560666
270	-113.560731
271	-113.560666
272	-113.560466
273	-113.560120
274	-113.559607
275	-113.558899
276	-113.557951
277	-113.556710
278	-113.555101
279	-113.553028
280	-113.550368
281	-113.546962
282	-113.542603
283	-113.537026
284	-113.529887
285	-113.520739
286	-113.509002
287	-113.493912
288	-113.474462
289	-113.449309
290	-113.416648
291	-113.374017
292	-113.318017
293	-113.243873
294	-113.144754
295	-113.010634
296	-112.826286
297	-112.567193
298	-112.189898
299	-111.606087
300	-110.611189
301	-108.721531
302	-105.068315
303	-99.362987
304	-93.657389
305	-90.003349
306	-88.112262
307	-87.115245
308	-86.528502
309	-86.147285
310	-85.883046
311	-85.692021
312	-85.549289
313	-85.439095
314	-85.350733
315	-85.276482
316	-85.210407
317	-85.147583
318	-85.083536
319	-85.013775
320	-84.933346
321	-84.836319
322	-84.715130
323	-84.559647
324	-84.355753
325	-84.083054
326	-83.710819
327	-83.189803
328	-82.432922
329	-81.263414
330	-79.272020
331	-75.491304
332	-68.183584
333	-56.771675
334	-45.359186
335	-38.049691
336	-34.265897
337	-32.269931
338	-31.094074
339	-30.328666
340	-29.796399
341	-29.409457
342	-29.117608
343	-28.888798
344	-28.700838
345	-28.537164
346	-28.384251
347	-28.229769
348	-28.060960
349	-27.862849
350	-27.615721
351	-27.290586
352	-26.839067
353	-26.166917
354	-25.061842
355	-23.029466
356	-19.185237
357	-13.215680
358	-7.128873
359	-2.888097
360	0.000000
Phase Voltage ea
0	110.611189
1	114.494184
2	119.318771
3	125.782872
4	132.011523
5	136.040101
6	138.206595
7	139.410790
8	140.157084
9	140.664603
10	141.032368
11	141.312158
12	141.535421
13	141.723681
14	141.893253
15	142.057903
16	142.230725
17	142.425823
18	142.660211
19	142.956419
20	143.346767
21	143.881694
22	144.649174
23	145.826641
24	147.823849
25	151.608590
26	158.918793
27	170.331794
28	181.744050
29	189.051969
30	192.832751
31	194.824080
32	195.993388
33	196.749922
34	197.270427
35	197.641952
36	197.913704
37	198.116357
38	198.270231
39	198.389347
40	198.483715
41	198.560737
42	198.626138
43	198.684608
44	198.740293
45	198.797222
46	198.859736
47	198.933007
48	199.023750
49	199.141330
50	199.299694
51	199.521301
52	199.846518
53	200.359118
54	201.257015
55	203.013983
56	206.483676
57	211.930180
58	217.258213
59	220.327618
60	221.222377
61	220.327618
62	217.258213
63	211.930180
64	206.483676
65	203.013983
66	201.257015
67	200.359118
68	199.846518
69	199.521301
70	199.299694
71	199.141330
72	199.023750
73	198.933007
74	198.859736
75	198.797222
76	198.740293
77	198.684608
78	198.626138
79	198.560737
80	198.483715
81	198.389347
82	198.270231
83	198.116357
84	197.913704
85	197.641952
86	197.270427
87	196.749922
88	195.993388
89	194.824080
90	192.832751
91	189.051969
92	181.744050
93	170.331794
94	158.918793
95	151.608590
96	147.823849
97	145.826641
98	144.649174
99	143.881694
100	143.346767
101	142.956419
102	142.660211
103	142.425823
104	142.230725
105	142.057903
106	141.893253
107	141.723681
108	141.535421
109	141.312158
110	141.032368
111	140.664603
112	140.157084
113	139.410790
114	138.206595
115	136.040101
116	132.011523
117	125.782872
118	119.318771
119	114.494184
120	110.611189
121	105.833434
122	97.939442
123	86.147308
124	74.472153
125	66.973882
126	63.050420
127	60.948328
128	59.689435
129	58.856699
130	58.267325
131	57.829172
132	57.488329
133	57.209326
134	56.966482
135	56.739319
136	56.509569
137	56.258785
138	55.965927
139	55.604318
140	55.136947
141	54.507653
142	53.621057
143	52.289715
144	50.089855
145	46.033362
146	38.351634
147	26.418128
148	14.249338
149	5.772110
150	0.000000
151	-5.772110
152	-14.249338
153	-26.418128
154	-38.351634
155	-46.033362
156	-50.089855
157	-52.289715
158	-53.621057
159	-54.507653
160	-55.136947
161	-55.604318
162	-55.965927
163	-56.258785
164	-56.509569
165	-56.739319
166	-56.966482
167	-57.209326
168	-57.488329
169	-57.829172
170	-58.267325
171	-58.856699
172	-59.689435
173	-60.948328
174	-63.050420
175	-66.973882
176	-74.472153
177	-86.147308
178	-97.939442
179	-105.833434
180	-110.611189
181	-114.494184
182	-119.318771
183	-125.782872
184	-132.011523
185	-136.040101
186	-138.206595
187	-139.410790
188	-140.157084
189	-140.664603
190	-141.032368
191	-141.312158
192	-141.535421
193	-141.723681
194	-141.893253
195	-142.057903
196	-142.230725
197	-142.425823
198	-142.660211
199	-142.956419
200	-143.346767
201	-143.881694
202	-144.649174
203	-145.826641
204	-147.823849
205	-151.608590
206	-158.918793
207	-170.331794
208	-181.744050
209	-189.051969
210	-192.832751
211	-194.824080
212	-195.993388
213	-196.749922
214	-197.270427
215	-197.641952
216	-197.913704
217	-198.116357
218	-198.270231
219	-198.389347
220	-198.483715
221	-198.560737
222	-198.626138
223	-198.684608
224	-198.740293
225	-198.797222
226	-198.859736
227	-198.933007
228	-199.023750
229	-199.141330
230	-199.299694
231	-199.521301
232	-199.846518
233	-200.359118
234	-201.257015
235	-203.013983
236	-206.483676
237	-211.930180
238	-217.258213
239	-220.327618
240	-221.222377
241	-220.327618
242	-217.258213
243	-211.930180
244	-206.483676
245	-203.013983
246	-201.257015
247	-200.359118
248	-199.846518
249	-199.521301
250	-199.299694
251	-199.141330
252	-199.023750
253	-198.933007
254	-198.859736
255	-198.797222
256	-198.740293
257	-198.684608
258	-198.626138
259	-198.560737
260	-198.483715
261	-198.389347
262	-198.270231
263	-198.116357
264	-197.913704
265	-197.641952
266	-197.270427
267	-196.749922
268	-195.993388
269	-194.824080
270	-192.832751
271	-189.051969
272	-181.744050
273	-170.331794
274	-158.918793
275	-151.608590
276	-147.823849
277	-145.826641
278	-144.649174
279	-143.881694
280	-143.346767
281	-142.956419
282	-142.660211
283	-142.425823
284	-142.230725
285	-142.057903
286	-141.893253
287	-141.723681
288	-141.535421
289	-141.312158
290	-141.032368
291	-140.664603
292	-140.157084
293	-139.410790
294	-138.206595
295	-136.040101
296	-132.011523
297	-125.782872
298	-119.318771
299	-114.494184
300	-110.611189
301	-105.833434
302	-97.939442
303	-86.147308
304	-74.472153
305	-66.973882
306	-63.050420
307	-60.948328
308	-59.689435
309	-58.856699
310	-58.267325
311	-57.829172
312	-57.488329
313	-57.209326
314	-56.966482
315	-56.739319
316	-56.509569
317	-56.258785
318	-55.965927
319	-55.604318
320	-55.136947
321	-54.507653
322	-53.621057
323	-52.289715
324	-50.089855
325	-46.033362
326	-38.351634
327	-26.418128
328	-14.249338
329	-5.772110
330	0.000000
331	5.772110
332	14.249338
333	26.418128
334	38.351634
335	46.033362
336	50.089855
337	52.289715
338	53.621057
339	54.507653
340	55.136947
341	55.604318
342	55.965927
343	56.258785
344	56.509569
345	56.739319
346	56.966482
347	57.209326
348	57.488329
349	57.829172
350	58.267325
351	58.856699
352	59.689435
353	60.948328
354	63.050420
355	66.973882
356	74.472153
357	86.147308
358	97.939442
359	105.833434
360	110.611189
Line Voltage eab
