Winding Voltages under Load 
Electric Degree
(Volts)
0	3.83591e-08
0	74.6678
1	74.6678
1	-63.6419
2	-63.6419
3	13.2037
4	19.1861
5	23.0399
6	25.0834
7	26.2003
8	26.8847
9	27.3488
10	27.6867
11	27.947
12	28.1585
13	28.3409
14	28.5094
15	28.6767
16	28.8551
17	29.0582
18	29.3029
19	29.6115
20	30.0163
21	30.5681
22	31.3558
23	32.5586
24	34.5907
25	38.4308
26	45.8382
27	57.4025
28	68.9794
29	76.4154
29	160.52
30	160.52
31	159.847
32	157.726
33	154.106
33	121.384
34	121.384
35	93.5368
36	93.6711
37	93.7695
38	93.8438
39	93.9009
40	93.9459
41	93.9825
42	94.0138
43	94.0424
44	94.0706
45	94.1009
46	94.136
47	94.1792
48	94.2349
49	94.309
50	94.4102
51	94.5522
52	94.7584
53	95.075
54	95.6071
55	96.6
56	98.4933
57	101.445
58	104.461
59	106.565
60	108
61	109.438
62	111.554
63	114.596
64	117.585
65	119.509
66	120.527
67	121.081
68	121.418
69	121.642
70	121.802
71	121.921
72	122.011
73	122.083
74	122.141
75	122.191
76	122.236
77	122.278
78	122.32
79	122.365
80	122.414
81	122.472
82	122.541
83	122.628
84	122.739
85	122.885
86	123.082
87	123.354
88	123.745
89	124.346
89	55.48
90	55.48
91	56.1528
92	58.2736
93	61.8937
93	94.7983
94	94.7983
95	122.463
96	122.329
97	122.231
98	122.156
99	122.099
100	122.054
101	122.018
102	121.986
103	121.958
104	121.93
105	121.899
106	121.864
107	121.821
108	121.765
109	121.691
110	121.59
111	121.448
112	121.242
113	120.925
114	120.393
115	119.4
116	117.507
117	114.555
118	111.539
119	109.435
120	108
121	106.562
122	104.446
123	101.404
124	98.4151
125	96.4911
126	95.473
127	94.919
128	94.5825
129	94.3576
130	94.1978
131	94.0795
132	93.9889
133	93.9174
134	93.8588
135	93.8089
136	93.7642
137	93.7221
138	93.68
139	93.6355
140	93.586
141	93.5284
142	93.4587
143	93.3719
144	93.2606
145	93.1146
146	92.9181
147	92.6462
148	92.2547
149	91.6539
149	-59.4801
150	-59.4801
151	-60.1528
152	-62.2737
153	-65.8938
153	-10.9729
154	-10.9729
155	37.3409
156	33.6277
157	31.6737
158	30.5256
159	29.7814
160	29.267
161	28.8964
162	28.62
163	28.4066
164	28.2343
165	28.0868
166	27.9508
167	27.8142
168	27.6643
169	27.4864
170	27.2608
171	26.9588
172	26.5325
173	25.8881
174	24.815
175	22.8221
176	19.0297
177	13.1211
178	7.08509
179	2.87343
180	-3.83591e-08
181	-2.87963
182	-7.1154
183	-13.2041
184	-19.1861
185	-23.0399
186	-25.0834
187	-26.2003
188	-26.8847
189	-27.3487
190	-27.6867
191	-27.9469
192	-28.1584
193	-28.3409
194	-28.5093
195	-28.6765
196	-28.8549
197	-29.0581
198	-29.3028
199	-29.6113
200	-30.0161
201	-30.5679
202	-31.3556
203	-32.5583
204	-34.5904
205	-38.4305
206	-45.8378
207	-57.402
208	-68.9787
209	-76.4146
209	-160.52
210	-160.52
211	-159.847
212	-157.726
213	-154.106
213	-121.112
214	-121.112
215	-93.5366
216	-93.6708
217	-93.7693
218	-93.8436
219	-93.9007
220	-93.9457
221	-93.9823
222	-94.0136
223	-94.0422
224	-94.0704
225	-94.1007
226	-94.1358
227	-94.1791
228	-94.2347
229	-94.3089
230	-94.4101
231	-94.5521
232	-94.7583
233	-95.0749
234	-95.607
235	-96.5999
236	-98.4933
237	-101.445
238	-104.461
239	-106.565
240	-108
241	-109.438
242	-111.554
243	-114.596
244	-117.585
245	-119.509
246	-120.527
247	-121.081
248	-121.418
249	-121.642
250	-121.802
251	-121.921
252	-122.011
253	-122.083
254	-122.141
255	-122.191
256	-122.236
257	-122.278
258	-122.32
259	-122.364
260	-122.414
261	-122.472
262	-122.541
263	-122.628
264	-122.739
265	-122.885
266	-123.082
267	-123.354
268	-123.745
269	-124.346
269	-55.4801
270	-55.4801
271	-56.1528
272	-58.2737
273	-61.8938
273	-94.8968
274	-94.8968
275	-122.463
276	-122.329
277	-122.231
278	-122.156
279	-122.099
280	-122.054
281	-122.018
282	-121.986
283	-121.958
284	-121.93
285	-121.899
286	-121.864
287	-121.821
288	-121.765
289	-121.691
290	-121.59
291	-121.448
292	-121.242
293	-120.925
294	-120.393
295	-119.4
296	-117.507
297	-114.555
298	-111.539
299	-109.435
300	-108
301	-106.562
302	-104.446
303	-101.404
304	-98.4151
305	-96.4911
306	-95.473
307	-94.919
308	-94.5825
309	-94.3576
310	-94.1978
311	-94.0795
312	-93.9889
313	-93.9174
314	-93.8588
315	-93.8089
316	-93.7642
317	-93.7221
318	-93.68
319	-93.6355
320	-93.586
321	-93.5284
322	-93.4587
323	-93.3719
324	-93.2606
325	-93.1146
326	-92.9181
327	-92.6463
328	-92.2547
329	-91.6539
329	59.4801
330	59.4801
331	60.1528
332	62.2737
333	65.8938
333	10.9017
334	10.9017
335	-37.341
336	-33.6278
337	-31.6738
338	-30.5257
339	-29.7815
340	-29.2671
341	-28.8964
342	-28.6201
343	-28.4067
344	-28.2344
345	-28.0869
346	-27.9509
347	-27.8143
348	-27.6644
349	-27.4864
350	-27.2608
351	-26.9589
352	-26.5325
353	-25.8881
354	-24.815
355	-22.8222
356	-19.0297
357	-13.1211
358	-7.0851
359	-2.87343
360	3.83591e-08
360	74.6678
Phase Voltage va
0	108
0	220
1	220
1	12.5335
2	12.5335
3	127.8
4	136.771
5	142.549
6	145.61
7	147.281
8	148.302
9	148.991
10	149.489
11	149.867
12	150.17
13	150.424
14	150.651
15	150.868
16	151.091
17	151.336
18	151.623
19	151.976
20	152.43
21	153.04
22	153.897
23	155.187
24	157.33
25	161.316
26	168.92
27	180.756
28	192.725
29	200.762
29	216
30	216
31	216
32	216
33	216
33	216
34	216
35	216
36	216
37	216
38	216
39	216
40	216
41	216
42	216
43	216
44	216
45	216
46	216
47	216
48	216
49	216
50	216
51	216
52	216
53	216
54	216
55	216
56	216
57	216
58	216
59	216
60	216
61	216
62	216
63	216
64	216
65	216
66	216
67	216
68	216
69	216
70	216
71	216
72	216
73	216
74	216
75	216
76	216
77	216
78	216
79	216
80	216
81	216
82	216
83	216
84	216
85	216
86	216
87	216
88	216
89	216
89	-4
90	-4
91	-4
92	-4
93	-4
93	83.6934
94	83.6934
95	159.804
96	155.957
97	153.904
98	152.682
99	151.881
100	151.321
101	150.914
102	150.606
103	150.364
104	150.164
105	149.986
106	149.815
107	149.635
108	149.429
109	149.177
110	148.851
111	148.407
112	147.774
113	146.813
114	145.208
115	142.222
116	136.536
117	127.676
118	118.624
119	112.308
120	108
121	103.682
122	97.3305
123	88.1996
124	79.229
125	73.4513
126	70.3895
127	68.7187
128	67.6978
129	67.0089
130	66.5111
131	66.1326
132	65.8305
133	65.5765
134	65.3495
135	65.1324
136	64.9093
137	64.664
138	64.3772
139	64.0242
140	63.5699
141	62.9604
142	62.1031
143	60.8135
144	58.6702
145	54.6841
146	47.0803
147	35.2442
148	23.276
149	15.2392
149	-220
150	-220
151	-220
152	-220
153	-220
153	-132.109
154	-132.109
155	-56.1957
156	-60.0432
157	-62.0957
158	-63.318
159	-64.1193
160	-64.6786
161	-65.086
162	-65.3936
163	-65.6356
164	-65.8361
165	-66.0139
166	-66.185
167	-66.3649
168	-66.5704
169	-66.8225
170	-67.1493
171	-67.5933
172	-68.2258
173	-69.1868
174	-70.792
175	-73.7778
176	-79.4636
177	-88.3241
178	-97.376
179	-103.692
180	-108
181	-112.318
182	-118.669
183	-127.8
184	-136.771
185	-142.549
186	-145.61
187	-147.281
188	-148.302
189	-148.991
190	-149.489
191	-149.867
192	-150.169
193	-150.423
194	-150.65
195	-150.868
196	-151.091
197	-151.336
198	-151.623
199	-151.976
200	-152.43
201	-153.04
202	-153.897
203	-155.186
204	-157.33
205	-161.316
206	-168.92
207	-180.756
208	-192.724
209	-200.761
209	-216
210	-216
211	-216
212	-216
213	-216
213	-216
214	-216
215	-216
216	-216
217	-216
218	-216
219	-216
220	-216
221	-216
222	-216
223	-216
224	-216
225	-216
226	-216
227	-216
228	-216
229	-216
230	-216
231	-216
232	-216
233	-216
234	-216
235	-216
236	-216
237	-216
238	-216
239	-216
240	-216
241	-216
242	-216
243	-216
244	-216
245	-216
246	-216
247	-216
248	-216
249	-216
250	-216
251	-216
252	-216
253	-216
254	-216
255	-216
256	-216
257	-216
258	-216
259	-216
260	-216
261	-216
262	-216
263	-216
264	-216
265	-216
266	-216
267	-216
268	-216
269	-216
269	4
270	4
271	4
272	4
273	4
273	-83.9888
274	-83.9888
275	-159.804
276	-155.957
277	-153.904
278	-152.682
279	-151.881
280	-151.321
281	-150.914
282	-150.606
283	-150.364
284	-150.164
285	-149.986
286	-149.815
287	-149.635
288	-149.43
289	-149.178
290	-148.851
291	-148.407
292	-147.774
293	-146.813
294	-145.208
295	-142.222
296	-136.536
297	-127.676
298	-118.624
299	-112.308
300	-108
301	-103.682
302	-97.3305
303	-88.1996
304	-79.229
305	-73.4512
306	-70.3895
307	-68.7187
308	-67.6978
309	-67.0089
310	-66.5112
311	-66.1326
312	-65.8306
313	-65.5765
314	-65.3495
315	-65.1324
316	-64.9093
317	-64.664
318	-64.3772
319	-64.0242
320	-63.5699
321	-62.9605
322	-62.1032
323	-60.8136
324	-58.6703
325	-54.6841
326	-47.0804
327	-35.2443
328	-23.2761
329	-15.2393
329	220
330	220
331	220
332	220
333	220
333	132.002
334	132.002
335	56.1956
336	60.0431
337	62.0956
338	63.3179
339	64.1192
340	64.6786
341	65.0859
342	65.3935
343	65.6355
344	65.8361
345	66.0138
346	66.1849
347	66.3648
348	66.5704
349	66.8224
350	67.1493
351	67.5932
352	68.2258
353	69.1867
354	70.792
355	73.7777
356	79.4636
357	88.3241
358	97.376
359	103.692
360	108
360	220
Line Voltage vab
