Output Torque vs Speed
n (rpm)
(N.m)
0	36.813044
44.3203	36.861299
88.6406	36.911129
132.961	36.801394
177.281	36.646154
221.602	36.457588
265.922	36.243747
310.242	36.000507
354.563	35.729158
398.883	35.432265
443.203	35.105819
487.523	34.746344
531.844	34.350581
576.164	33.909513
620.484	33.419017
664.805	32.866931
709.125	32.245540
753.445	31.538083
797.766	30.727585
842.086	29.796864
886.406	28.718657
930.727	27.475302
975.047	26.082491
1019.37	24.576234
1063.69	23.004148
1108.01	21.447411
1152.33	19.939696
1196.65	18.479911
1240.97	17.074919
1285.29	15.727131
1329.61	14.436891
1373.93	13.203138
1418.25	12.023342
1462.57	10.893910
1506.89	9.813276
1551.21	8.777396
1595.53	7.783547
1639.85	6.828883
1684.17	5.911046
1728.49	5.026772
1772.81	4.174063
1817.13	3.350954
1861.45	2.555164
1905.77	1.785936
1950.09	1.044304
1994.41	0.329821
2016.72	0.000000
Output Torque
