Induced Winding Voltages at Rated Speed
Electric Degree
(Volts)
0	0.000000
1	2.842660
2	7.016719
3	13.007766
4	18.883407
5	22.667158
6	24.667559
7	25.755249
8	26.416824
9	26.861240
10	27.181259
11	27.424500
12	27.619494
13	27.785647
14	27.937699
15	28.088206
16	28.249306
17	28.434308
18	28.659519
19	28.946776
20	29.327631
21	29.851524
22	30.604890
23	31.762248
24	33.726813
25	37.451079
26	44.645578
27	55.878521
28	67.110894
29	74.303646
30	78.024882
31	79.984947
32	81.136056
33	81.881029
34	82.393849
35	82.760227
36	83.028636
37	83.229322
38	83.382359
39	83.501642
40	83.597142
41	83.676306
42	83.744969
43	83.808008
44	83.869844
45	83.934880
46	84.007963
47	84.094934
48	84.203394
49	84.343881
50	84.531901
51	84.791982
52	85.167202
53	85.744714
54	86.726046
55	88.587381
56	92.183935
57	97.799771
58	103.415340
59	107.011082
60	108.871011
61	109.850257
62	110.424883
63	110.796242
64	111.051260
65	111.232708
66	111.364717
67	111.462277
68	111.535254
69	111.590373
70	111.632334
71	111.664481
72	111.689238
73	111.708382
74	111.723235
75	111.734787
76	111.743791
77	111.750818
78	111.756307
79	111.760597
80	111.763950
81	111.766568
82	111.768608
83	111.770192
84	111.771414
85	111.772346
86	111.773044
87	111.773548
88	111.773889
89	111.774086
90	111.774150
91	111.774086
92	111.773889
93	111.773548
94	111.773044
95	111.772346
96	111.771414
97	111.770192
98	111.768608
99	111.766568
100	111.763950
101	111.760597
102	111.756307
103	111.750818
104	111.743791
105	111.734787
106	111.723235
107	111.708382
108	111.689238
109	111.664481
110	111.632334
111	111.590373
112	111.535254
113	111.462277
114	111.364717
115	111.232708
116	111.051260
117	110.796242
118	110.424883
119	109.850257
120	108.871011
121	107.011082
122	103.415340
123	97.799771
124	92.183935
125	88.587381
126	86.726046
127	85.744714
128	85.167202
129	84.791982
130	84.531901
131	84.343881
132	84.203394
133	84.094934
134	84.007963
135	83.934880
136	83.869844
137	83.808008
138	83.744969
139	83.676306
140	83.597142
141	83.501642
142	83.382359
143	83.229322
144	83.028636
145	82.760227
146	82.393849
147	81.881029
148	81.136056
149	79.984947
150	78.024882
151	74.303646
152	67.110894
153	55.878521
154	44.645578
155	37.451079
156	33.726813
157	31.762248
158	30.604890
159	29.851524
160	29.327631
161	28.946776
162	28.659519
163	28.434308
164	28.249306
165	28.088206
166	27.937699
167	27.785647
168	27.619494
169	27.424500
170	27.181259
171	26.861240
172	26.416824
173	25.755249
174	24.667559
175	22.667158
176	18.883407
177	13.007766
178	7.016719
179	2.842660
180	0.000000
181	-2.842660
182	-7.016719
183	-13.007766
184	-18.883407
185	-22.667158
186	-24.667559
187	-25.755249
188	-26.416824
189	-26.861240
190	-27.181259
191	-27.424500
192	-27.619494
193	-27.785647
194	-27.937699
195	-28.088206
196	-28.249306
197	-28.434308
198	-28.659519
199	-28.946776
200	-29.327631
201	-29.851524
202	-30.604890
203	-31.762248
204	-33.726813
205	-37.451079
206	-44.645578
207	-55.878521
208	-67.110894
209	-74.303646
210	-78.024882
211	-79.984947
212	-81.136056
213	-81.881029
214	-82.393849
215	-82.760227
216	-83.028636
217	-83.229322
218	-83.382359
219	-83.501642
220	-83.597142
221	-83.676306
222	-83.744969
223	-83.808008
224	-83.869844
225	-83.934880
226	-84.007963
227	-84.094934
228	-84.203394
229	-84.343881
230	-84.531901
231	-84.791982
232	-85.167202
233	-85.744714
234	-86.726046
235	-88.587381
236	-92.183935
237	-97.799771
238	-103.415340
239	-107.011082
240	-108.871011
241	-109.850257
242	-110.424883
243	-110.796242
244	-111.051260
245	-111.232708
246	-111.364717
247	-111.462277
248	-111.535254
249	-111.590373
250	-111.632334
251	-111.664481
252	-111.689238
253	-111.708382
254	-111.723235
255	-111.734787
256	-111.743791
257	-111.750818
258	-111.756307
259	-111.760597
260	-111.763950
261	-111.766568
262	-111.768608
263	-111.770192
264	-111.771414
265	-111.772346
266	-111.773044
267	-111.773548
268	-111.773889
269	-111.774086
270	-111.774150
271	-111.774086
272	-111.773889
273	-111.773548
274	-111.773044
275	-111.772346
276	-111.771414
277	-111.770192
278	-111.768608
279	-111.766568
280	-111.763950
281	-111.760597
282	-111.756307
283	-111.750818
284	-111.743791
285	-111.734787
286	-111.723235
287	-111.708382
288	-111.689238
289	-111.664481
290	-111.632334
291	-111.590373
292	-111.535254
293	-111.462277
294	-111.364717
295	-111.232708
296	-111.051260
297	-110.796242
298	-110.424883
299	-109.850257
300	-108.871011
301	-107.011082
302	-103.415340
303	-97.799771
304	-92.183935
305	-88.587381
306	-86.726046
307	-85.744714
308	-85.167202
309	-84.791982
310	-84.531901
311	-84.343881
312	-84.203394
313	-84.094934
314	-84.007963
315	-83.934880
316	-83.869844
317	-83.808008
318	-83.744969
319	-83.676306
320	-83.597142
321	-83.501642
322	-83.382359
323	-83.229322
324	-83.028636
325	-82.760227
326	-82.393849
327	-81.881029
328	-81.136056
329	-79.984947
330	-78.024882
331	-74.303646
332	-67.110894
333	-55.878521
334	-44.645578
335	-37.451079
336	-33.726813
337	-31.762248
338	-30.604890
339	-29.851524
340	-29.327631
341	-28.946776
342	-28.659519
343	-28.434308
344	-28.249306
345	-28.088206
346	-27.937699
347	-27.785647
348	-27.619494
349	-27.424500
350	-27.181259
351	-26.861240
352	-26.416824
353	-25.755249
354	-24.667559
355	-22.667158
356	-18.883407
357	-13.007766
358	-7.016719
359	-2.842660
360	0.000000
Phase Voltage ea
0	108.871011
1	112.692918
2	117.441602
3	123.804008
4	129.934667
5	133.899865
6	136.032276
7	137.217526
8	137.952079
9	138.451613
10	138.813593
11	139.088981
12	139.308732
13	139.494030
14	139.660934
15	139.822994
16	139.993096
17	140.185125
18	140.415826
19	140.707374
20	141.091581
21	141.618092
22	142.373498
23	143.532441
24	145.498227
25	149.223426
26	156.418622
27	167.652069
28	178.884783
29	186.077731
30	189.799032
31	191.759033
32	192.909945
33	193.654577
34	194.166893
35	194.532573
36	194.800050
37	194.999514
38	195.150967
39	195.268210
40	195.361093
41	195.436903
42	195.501276
43	195.558826
44	195.613635
45	195.669668
46	195.731198
47	195.803317
48	195.892632
49	196.008362
50	196.164234
51	196.382356
52	196.702456
53	197.206992
54	198.090763
55	199.820089
56	203.235195
57	208.596013
58	213.840223
59	216.861340
60	217.742022
61	216.861340
62	213.840223
63	208.596013
64	203.235195
65	199.820089
66	198.090763
67	197.206992
68	196.702456
69	196.382356
70	196.164234
71	196.008362
72	195.892632
73	195.803317
74	195.731198
75	195.669668
76	195.613635
77	195.558826
78	195.501276
79	195.436903
80	195.361093
81	195.268210
82	195.150967
83	194.999514
84	194.800050
85	194.532573
86	194.166893
87	193.654577
88	192.909945
89	191.759033
90	189.799032
91	186.077731
92	178.884783
93	167.652069
94	156.418622
95	149.223426
96	145.498227
97	143.532441
98	142.373498
99	141.618092
100	141.091581
101	140.707374
102	140.415826
103	140.185125
104	139.993096
105	139.822994
106	139.660934
107	139.494030
108	139.308732
109	139.088981
110	138.813593
111	138.451613
112	137.952079
113	137.217526
114	136.032276
115	133.899865
116	129.934667
117	123.804008
118	117.441602
119	112.692918
120	108.871011
121	104.168422
122	96.398621
123	84.792005
124	73.300528
125	65.920224
126	62.058486
127	59.989465
128	58.750377
129	57.930743
130	57.350642
131	56.919381
132	56.583901
133	56.309287
134	56.070264
135	55.846674
136	55.620539
137	55.373701
138	55.085450
139	54.729529
140	54.269512
141	53.650118
142	52.777470
143	51.467074
144	49.301823
145	45.309148
146	37.748271
147	26.002508
148	14.025162
149	5.681301
150	0.000000
151	-5.681301
152	-14.025162
153	-26.002508
154	-37.748271
155	-45.309148
156	-49.301823
157	-51.467074
158	-52.777470
159	-53.650118
160	-54.269512
161	-54.729529
162	-55.085450
163	-55.373701
164	-55.620539
165	-55.846674
166	-56.070264
167	-56.309287
168	-56.583901
169	-56.919381
170	-57.350642
171	-57.930743
172	-58.750377
173	-59.989465
174	-62.058486
175	-65.920224
176	-73.300528
177	-84.792005
178	-96.398621
179	-104.168422
180	-108.871011
181	-112.692918
182	-117.441602
183	-123.804008
184	-129.934667
185	-133.899865
186	-136.032276
187	-137.217526
188	-137.952079
189	-138.451613
190	-138.813593
191	-139.088981
192	-139.308732
193	-139.494030
194	-139.660934
195	-139.822994
196	-139.993096
197	-140.185125
198	-140.415826
199	-140.707374
200	-141.091581
201	-141.618092
202	-142.373498
203	-143.532441
204	-145.498227
205	-149.223426
206	-156.418622
207	-167.652069
208	-178.884783
209	-186.077731
210	-189.799032
211	-191.759033
212	-192.909945
213	-193.654577
214	-194.166893
215	-194.532573
216	-194.800050
217	-194.999514
218	-195.150967
219	-195.268210
220	-195.361093
221	-195.436903
222	-195.501276
223	-195.558826
224	-195.613635
225	-195.669668
226	-195.731198
227	-195.803317
228	-195.892632
229	-196.008362
230	-196.164234
231	-196.382356
232	-196.702456
233	-197.206992
234	-198.090763
235	-199.820089
236	-203.235195
237	-208.596013
238	-213.840223
239	-216.861340
240	-217.742022
241	-216.861340
242	-213.840223
243	-208.596013
244	-203.235195
245	-199.820089
246	-198.090763
247	-197.206992
248	-196.702456
249	-196.382356
250	-196.164234
251	-196.008362
252	-195.892632
253	-195.803317
254	-195.731198
255	-195.669668
256	-195.613635
257	-195.558826
258	-195.501276
259	-195.436903
260	-195.361093
261	-195.268210
262	-195.150967
263	-194.999514
264	-194.800050
265	-194.532573
266	-194.166893
267	-193.654577
268	-192.909945
269	-191.759033
270	-189.799032
271	-186.077731
272	-178.884783
273	-167.652069
274	-156.418622
275	-149.223426
276	-145.498227
277	-143.532441
278	-142.373498
279	-141.618092
280	-141.091581
281	-140.707374
282	-140.415826
283	-140.185125
284	-139.993096
285	-139.822994
286	-139.660934
287	-139.494030
288	-139.308732
289	-139.088981
290	-138.813593
291	-138.451613
292	-137.952079
293	-137.217526
294	-136.032276
295	-133.899865
296	-129.934667
297	-123.804008
298	-117.441602
299	-112.692918
300	-108.871011
301	-104.168422
302	-96.398621
303	-84.792005
304	-73.300528
305	-65.920224
306	-62.058486
307	-59.989465
308	-58.750377
309	-57.930743
310	-57.350642
311	-56.919381
312	-56.583901
313	-56.309287
314	-56.070264
315	-55.846674
316	-55.620539
317	-55.373701
318	-55.085450
319	-54.729529
320	-54.269512
321	-53.650118
322	-52.777470
323	-51.467074
324	-49.301823
325	-45.309148
326	-37.748271
327	-26.002508
328	-14.025162
329	-5.681301
330	0.000000
331	5.681301
332	14.025162
333	26.002508
334	37.748271
335	45.309148
336	49.301823
337	51.467074
338	52.777470
339	53.650118
340	54.269512
341	54.729529
342	55.085450
343	55.373701
344	55.620539
345	55.846674
346	56.070264
347	56.309287
348	56.583901
349	56.919381
350	57.350642
351	57.930743
352	58.750377
353	59.989465
354	62.058486
355	65.920224
356	73.300528
357	84.792005
358	96.398621
359	104.168422
360	108.871011
Line Voltage eab
