Winding Currents under Load 
Electric Degree
(Amperes)
0	2.78789
1	2.93629
2	2.77549
3	2.75544
4	2.76595
5	2.78681
6	2.8115
7	2.83803
8	2.86547
9	2.89339
10	2.92154
11	2.94977
12	2.978
13	3.00614
14	3.03417
15	3.06205
16	3.08977
17	3.11734
18	3.14475
19	3.17202
20	3.19918
21	3.22627
22	3.25335
23	3.28048
24	3.3078
25	3.33544
26	3.36364
27	3.39274
28	3.42328
29	3.45619
29	2.13034e-11
30	0.381652
31	0.751571
32	1.10613
33	1.44028
34	1.76484
35	2.03022
36	2.09259
37	2.13977
38	2.18573
39	2.23087
40	2.27523
41	2.31883
42	2.36168
43	2.40378
44	2.44512
45	2.48568
46	2.52542
47	2.56431
48	2.6023
49	2.6393
50	2.6752
51	2.70985
52	2.743
53	2.7742
54	2.80255
55	2.82606
56	2.84077
57	2.84211
58	2.8304
59	2.81098
60	2.78901
61	2.76871
62	2.75512
63	2.75344
64	2.76405
65	2.78492
66	2.80963
67	2.83617
68	2.86362
69	2.89155
70	2.91972
71	2.94796
72	2.9762
73	3.00435
74	3.03239
75	3.06028
76	3.08802
77	3.1156
78	3.14302
79	3.17031
80	3.19748
81	3.22458
82	3.25166
83	3.27881
84	3.30614
85	3.33379
86	3.36201
87	3.39112
88	3.42166
89	3.45459
89	2.13038e-11
90	0.381654
91	0.751574
92	1.10614
93	1.44029
94	1.76489
95	2.02948
96	2.0918
97	2.13897
98	2.18494
99	2.23008
100	2.27444
101	2.31804
102	2.36089
103	2.403
104	2.44434
105	2.4849
106	2.52465
107	2.56354
108	2.60153
109	2.63853
110	2.67444
111	2.70909
112	2.74225
113	2.77345
114	2.8018
115	2.82532
116	2.84003
117	2.84138
118	2.82967
119	2.81026
120	2.7883
121	2.76799
122	2.75441
123	2.75274
124	2.76336
125	2.78423
126	2.80895
127	2.83549
128	2.86295
129	2.89088
130	2.91905
131	2.9473
132	2.97554
133	3.0037
134	3.03174
135	3.05964
136	3.08738
137	3.11496
138	3.14239
139	3.16968
140	3.19685
141	3.22396
142	3.25105
143	3.2782
144	3.30553
145	3.33319
146	3.36141
147	3.39052
148	3.42107
149	3.454
149	2.13036e-11
150	0.381654
151	0.751576
152	1.10614
153	1.44029
154	1.7649
155	2.02921
156	2.09151
157	2.13868
158	2.18465
159	2.22979
160	2.27415
161	2.31775
162	2.36061
163	2.40271
164	2.44405
165	2.48461
166	2.52436
167	2.56326
168	2.60125
169	2.63825
170	2.67416
171	2.70882
172	2.74197
173	2.77317
174	2.80153
175	2.82505
176	2.83976
177	2.84111
178	2.82941
179	2.81
180	2.78803
181	2.76773
182	2.75415
183	2.75249
184	2.7631
185	2.78398
186	2.8087
187	2.83524
188	2.8627
189	2.89063
190	2.9188
191	2.94706
192	2.9753
193	3.00346
194	3.0315
195	3.0594
196	3.08714
197	3.11473
198	3.14216
199	3.16945
200	3.19663
201	3.22373
202	3.25082
203	3.27798
204	3.30531
205	3.33297
206	3.36119
207	3.39031
208	3.42086
209	3.45378
209	2.13038e-11
210	0.381654
211	0.751576
212	1.10614
213	1.44029
214	1.76491
215	2.02912
216	2.09141
217	2.13858
218	2.18454
219	2.22968
220	2.27404
221	2.31765
222	2.3605
223	2.40261
224	2.44395
225	2.48451
226	2.52426
227	2.56316
228	2.60115
229	2.63815
230	2.67406
231	2.70872
232	2.74187
233	2.77307
234	2.80143
235	2.82495
236	2.83966
237	2.84101
238	2.82931
239	2.8099
240	2.78794
241	2.76764
242	2.75406
243	2.75239
244	2.76301
245	2.78389
246	2.80861
247	2.83515
248	2.86261
249	2.89054
250	2.91871
251	2.94697
252	2.97521
253	3.00337
254	3.03141
255	3.05932
256	3.08706
257	3.11464
258	3.14207
259	3.16936
260	3.19654
261	3.22365
262	3.25074
263	3.2779
264	3.30523
265	3.33289
266	3.36111
267	3.39023
268	3.42078
269	3.45371
269	2.13038e-11
270	0.381654
271	0.751576
272	1.10614
273	1.44029
274	1.76491
275	2.02908
276	2.09137
277	2.13854
278	2.1845
279	2.22964
280	2.274
281	2.31761
282	2.36046
283	2.40257
284	2.44391
285	2.48447
286	2.52422
287	2.56312
288	2.60111
289	2.63811
290	2.67402
291	2.70868
292	2.74183
293	2.77304
294	2.8014
295	2.82491
296	2.83963
297	2.84097
298	2.82927
299	2.80986
300	2.7879
301	2.7676
302	2.75402
303	2.75236
304	2.76298
305	2.78385
306	2.80857
307	2.83511
308	2.86257
309	2.89051
310	2.91868
311	2.94693
312	2.97517
313	3.00334
314	3.03138
315	3.05928
316	3.08703
317	3.11461
318	3.14204
319	3.16933
320	3.19651
321	3.22362
322	3.25071
323	3.27787
324	3.3052
325	3.33286
326	3.36108
327	3.3902
328	3.42075
329	3.45368
329	2.13038e-11
330	0.381654
331	0.751576
332	1.10614
333	1.44029
334	1.76491
335	2.02907
336	2.09135
337	2.13852
338	2.18449
339	2.22963
340	2.27399
341	2.31759
342	2.36045
343	2.40255
344	2.4439
345	2.48446
346	2.52421
347	2.56311
348	2.60109
349	2.6381
350	2.67401
351	2.70867
352	2.74182
353	2.77302
354	2.80138
355	2.8249
356	2.83961
357	2.84096
358	2.82926
359	2.80985
360	2.78789
Source Current
0	1.12e-10
1	0.337725
2	-1.62208e-11
3	9.2515e-11
4	8.36826e-11
5	7.80036e-11
6	7.49991e-11
7	7.33641e-11
8	7.23692e-11
9	7.17012e-11
10	7.12217e-11
11	7.08597e-11
12	7.05732e-11
13	7.03342e-11
14	7.0122e-11
15	6.99197e-11
16	6.97119e-11
17	6.94825e-11
18	6.92128e-11
19	6.88783e-11
20	6.84449e-11
21	6.78597e-11
22	6.70322e-11
23	6.57819e-11
24	6.36964e-11
25	5.98083e-11
26	5.23822e-11
27	4.08202e-11
28	2.9136e-11
29	2.13034e-11
30	0.381652
31	0.751571
32	1.10613
33	1.44028
34	1.76484
35	2.03022
36	2.09259
37	2.13977
38	2.18573
39	2.23087
40	2.27523
41	2.31883
42	2.36168
43	2.40378
44	2.44512
45	2.48568
46	2.52542
47	2.56431
48	2.6023
49	2.6393
50	2.6752
51	2.70985
52	2.743
53	2.7742
54	2.80255
55	2.82606
56	2.84077
57	2.84211
58	2.8304
59	2.81098
60	2.78901
61	2.76871
62	2.75512
63	2.75344
64	2.76405
65	2.78492
66	2.80963
67	2.83617
68	2.86362
69	2.89155
70	2.91972
71	2.94796
72	2.9762
73	3.00435
74	3.03239
75	3.06028
76	3.08802
77	3.1156
78	3.14302
79	3.17031
80	3.19748
81	3.22458
82	3.25166
83	3.27881
84	3.30614
85	3.33379
86	3.36201
87	3.39112
88	3.42166
89	3.45459
90	3.16874
91	2.89358
92	2.62959
93	2.38364
94	2.16632
95	2.02948
96	2.0918
97	2.13897
98	2.18494
99	2.23008
100	2.27444
101	2.31804
102	2.36089
103	2.403
104	2.44434
105	2.4849
106	2.52465
107	2.56354
108	2.60153
109	2.63853
110	2.67444
111	2.70909
112	2.74225
113	2.77345
114	2.8018
115	2.82532
116	2.84003
117	2.84138
118	2.82967
119	2.81026
120	2.7883
121	2.76799
122	2.75441
123	2.75274
124	2.76336
125	2.78423
126	2.80895
127	2.83549
128	2.86295
129	2.89088
130	2.91905
131	2.9473
132	2.97554
133	3.0037
134	3.03174
135	3.05964
136	3.08738
137	3.11496
138	3.14239
139	3.16968
140	3.19685
141	3.22396
142	3.25105
143	3.2782
144	3.30553
145	3.33319
146	3.36141
147	3.39052
148	3.42107
149	3.454
150	2.7865
151	2.14142
152	1.52287
153	0.94278
154	0.400858
155	-3.78284e-11
156	6.48983e-11
157	6.6919e-11
158	6.81173e-11
159	6.89019e-11
160	6.94488e-11
161	6.98464e-11
162	7.0146e-11
163	7.0381e-11
164	7.05753e-11
165	7.07471e-11
166	7.09122e-11
167	7.10859e-11
168	7.12848e-11
169	7.15293e-11
170	7.18473e-11
171	7.22804e-11
172	7.28988e-11
173	7.38402e-11
174	7.54151e-11
175	7.83478e-11
176	8.39364e-11
177	9.26483e-11
178	1.0155e-10
179	1.07762e-10
180	-1.12e-10
181	-1.07752e-10
182	-1.01501e-10
183	-9.25143e-11
184	-8.36826e-11
185	-7.80036e-11
186	-7.49991e-11
187	-7.33641e-11
188	-7.23692e-11
189	-7.17013e-11
190	-7.12217e-11
191	-7.08597e-11
192	-7.05732e-11
193	-7.03342e-11
194	-7.0122e-11
195	-6.99198e-11
196	-6.9712e-11
197	-6.94826e-11
198	-6.92128e-11
199	-6.88784e-11
200	-6.8445e-11
201	-6.78598e-11
202	-6.70323e-11
203	-6.5782e-11
204	-6.36965e-11
205	-5.98084e-11
206	-5.23824e-11
207	-4.08204e-11
208	-2.91363e-11
209	-2.13037e-11
210	-0.381654
211	-0.751576
212	-1.10614
213	-1.44029
214	-1.76491
215	-2.02912
216	-2.09141
217	-2.13858
218	-2.18454
219	-2.22968
220	-2.27404
221	-2.31765
222	-2.3605
223	-2.40261
224	-2.44395
225	-2.48451
226	-2.52426
227	-2.56316
228	-2.60115
229	-2.63815
230	-2.67406
231	-2.70872
232	-2.74187
233	-2.77307
234	-2.80143
235	-2.82495
236	-2.83966
237	-2.84101
238	-2.82931
239	-2.8099
240	-2.78794
241	-2.76764
242	-2.75406
243	-2.75239
244	-2.76301
245	-2.78389
246	-2.80861
247	-2.83515
248	-2.86261
249	-2.89054
250	-2.91871
251	-2.94697
252	-2.97521
253	-3.00337
254	-3.03141
255	-3.05932
256	-3.08706
257	-3.11464
258	-3.14207
259	-3.16936
260	-3.19654
261	-3.22365
262	-3.25074
263	-3.2779
264	-3.30523
265	-3.33289
266	-3.36111
267	-3.39023
268	-3.42078
269	-3.45371
270	-3.16786
271	-2.89271
272	-2.62872
273	-2.38278
274	-2.16548
275	-2.02908
276	-2.09137
277	-2.13854
278	-2.1845
279	-2.22964
280	-2.274
281	-2.31761
282	-2.36046
283	-2.40257
284	-2.44391
285	-2.48447
286	-2.52422
287	-2.56312
288	-2.60111
289	-2.63811
290	-2.67402
291	-2.70868
292	-2.74183
293	-2.77304
294	-2.8014
295	-2.82491
296	-2.83963
297	-2.84097
298	-2.82927
299	-2.80986
300	-2.7879
301	-2.7676
302	-2.75402
303	-2.75236
304	-2.76298
305	-2.78385
306	-2.80857
307	-2.83511
308	-2.86257
309	-2.89051
310	-2.91868
311	-2.94693
312	-2.97517
313	-3.00334
314	-3.03138
315	-3.05928
316	-3.08703
317	-3.11461
318	-3.14204
319	-3.16933
320	-3.19651
321	-3.22362
322	-3.25071
323	-3.27787
324	-3.3052
325	-3.33286
326	-3.36108
327	-3.3902
328	-3.42075
329	-3.45368
330	-2.78618
331	-2.1411
332	-1.52255
333	-0.942463
334	-0.400541
335	3.79277e-11
336	-6.48982e-11
337	-6.69189e-11
338	-6.81172e-11
339	-6.89018e-11
340	-6.94488e-11
341	-6.98463e-11
342	-7.01459e-11
343	-7.0381e-11
344	-7.05752e-11
345	-7.0747e-11
346	-7.09122e-11
347	-7.10859e-11
348	-7.12848e-11
349	-7.15293e-11
350	-7.18473e-11
351	-7.22803e-11
352	-7.28988e-11
353	-7.38401e-11
354	-7.54151e-11
355	-7.83478e-11
356	-8.39364e-11
357	-9.26483e-11
358	-1.0155e-10
359	-1.07762e-10
360	1.12e-10
Phase Current ia
0	-2.78789
1	-2.93629
2	-2.77549
3	-2.75544
4	-2.76595
5	-2.78681
6	-2.8115
7	-2.83803
8	-2.86547
9	-2.89339
10	-2.92154
11	-2.94977
12	-2.978
13	-3.00614
14	-3.03417
15	-3.06205
16	-3.08977
17	-3.11734
18	-3.14475
19	-3.17202
20	-3.19918
21	-3.22627
22	-3.25335
23	-3.28048
24	-3.3078
25	-3.33544
26	-3.36364
27	-3.39274
28	-3.42328
29	-3.45619
30	-3.17033
31	-2.89516
32	-2.63116
33	-2.38521
34	-2.16785
35	-2.03022
36	-2.09259
37	-2.13977
38	-2.18573
39	-2.23087
40	-2.27523
41	-2.31883
42	-2.36168
43	-2.40378
44	-2.44512
45	-2.48568
46	-2.52542
47	-2.56431
48	-2.6023
49	-2.6393
50	-2.6752
51	-2.70985
52	-2.743
53	-2.7742
54	-2.80255
55	-2.82606
56	-2.84077
57	-2.84211
58	-2.8304
59	-2.81098
60	-2.78901
61	-2.76871
62	-2.75512
63	-2.75344
64	-2.76405
65	-2.78492
66	-2.80963
67	-2.83617
68	-2.86362
69	-2.89155
70	-2.91972
71	-2.94796
72	-2.9762
73	-3.00435
74	-3.03239
75	-3.06028
76	-3.08802
77	-3.1156
78	-3.14302
79	-3.17031
80	-3.19748
81	-3.22458
82	-3.25166
83	-3.27881
84	-3.30614
85	-3.33379
86	-3.36201
87	-3.39112
88	-3.42166
89	-3.45459
90	-2.78708
91	-2.142
92	-1.52345
93	-0.943356
94	-0.401434
95	3.76476e-11
96	-6.48984e-11
97	-6.69191e-11
98	-6.81174e-11
99	-6.8902e-11
100	-6.9449e-11
101	-6.98465e-11
102	-7.01461e-11
103	-7.03811e-11
104	-7.05754e-11
105	-7.07472e-11
106	-7.09123e-11
107	-7.1086e-11
108	-7.12849e-11
109	-7.15294e-11
110	-7.18474e-11
111	-7.22804e-11
112	-7.28989e-11
113	-7.38402e-11
114	-7.54152e-11
115	-7.83479e-11
116	-8.39364e-11
117	-9.26483e-11
118	-1.0155e-10
119	-1.07762e-10
120	1.12e-10
121	1.07752e-10
122	1.01501e-10
123	9.25143e-11
124	8.36826e-11
125	7.80036e-11
126	7.49991e-11
127	7.33641e-11
128	7.23692e-11
129	7.17013e-11
130	7.12217e-11
131	7.08597e-11
132	7.05732e-11
133	7.03342e-11
134	7.0122e-11
135	6.99198e-11
136	6.9712e-11
137	6.94826e-11
138	6.92128e-11
139	6.88784e-11
140	6.84449e-11
141	6.78598e-11
142	6.70323e-11
143	6.5782e-11
144	6.36965e-11
145	5.98084e-11
146	5.23824e-11
147	4.08204e-11
148	2.91363e-11
149	2.13036e-11
150	0.381654
151	0.751576
152	1.10614
153	1.44029
154	1.7649
155	2.02921
156	2.09151
157	2.13868
158	2.18465
159	2.22979
160	2.27415
161	2.31775
162	2.36061
163	2.40271
164	2.44405
165	2.48461
166	2.52436
167	2.56326
168	2.60125
169	2.63825
170	2.67416
171	2.70882
172	2.74197
173	2.77317
174	2.80153
175	2.82505
176	2.83976
177	2.84111
178	2.82941
179	2.81
180	2.78803
181	2.76773
182	2.75415
183	2.75249
184	2.7631
185	2.78398
186	2.8087
187	2.83524
188	2.8627
189	2.89063
190	2.9188
191	2.94706
192	2.9753
193	3.00346
194	3.0315
195	3.0594
196	3.08714
197	3.11473
198	3.14216
199	3.16945
200	3.19663
201	3.22373
202	3.25082
203	3.27798
204	3.30531
205	3.33297
206	3.36119
207	3.39031
208	3.42086
209	3.45378
210	3.16794
211	2.89279
212	2.6288
213	2.38286
214	2.16556
215	2.02912
216	2.09141
217	2.13858
218	2.18454
219	2.22968
220	2.27404
221	2.31765
222	2.3605
223	2.40261
224	2.44395
225	2.48451
226	2.52426
227	2.56316
228	2.60115
229	2.63815
230	2.67406
231	2.70872
232	2.74187
233	2.77307
234	2.80143
235	2.82495
236	2.83966
237	2.84101
238	2.82931
239	2.8099
240	2.78794
241	2.76764
242	2.75406
243	2.75239
244	2.76301
245	2.78389
246	2.80861
247	2.83515
248	2.86261
249	2.89054
250	2.91871
251	2.94697
252	2.97521
253	3.00337
254	3.03141
255	3.05932
256	3.08706
257	3.11464
258	3.14207
259	3.16936
260	3.19654
261	3.22365
262	3.25074
263	3.2779
264	3.30523
265	3.33289
266	3.36111
267	3.39023
268	3.42078
269	3.45371
270	2.78621
271	2.14113
272	1.52258
273	0.942491
274	0.40057
275	-3.79189e-11
276	6.48982e-11
277	6.69189e-11
278	6.81172e-11
279	6.89018e-11
280	6.94488e-11
281	6.98463e-11
282	7.01459e-11
283	7.0381e-11
284	7.05752e-11
285	7.0747e-11
286	7.09122e-11
287	7.10859e-11
288	7.12848e-11
289	7.15293e-11
290	7.18473e-11
291	7.22803e-11
292	7.28988e-11
293	7.38402e-11
294	7.54151e-11
295	7.83478e-11
296	8.39364e-11
297	9.26483e-11
298	1.0155e-10
299	1.07762e-10
300	-1.12e-10
301	-1.07752e-10
302	-1.01501e-10
303	-9.25143e-11
304	-8.36826e-11
305	-7.80036e-11
306	-7.49991e-11
307	-7.33641e-11
308	-7.23692e-11
309	-7.17013e-11
310	-7.12217e-11
311	-7.08597e-11
312	-7.05732e-11
313	-7.03342e-11
314	-7.0122e-11
315	-6.99198e-11
316	-6.9712e-11
317	-6.94826e-11
318	-6.92128e-11
319	-6.88784e-11
320	-6.8445e-11
321	-6.78598e-11
322	-6.70323e-11
323	-6.5782e-11
324	-6.36965e-11
325	-5.98084e-11
326	-5.23824e-11
327	-4.08204e-11
328	-2.91363e-11
329	-2.13037e-11
330	-0.381654
331	-0.751576
332	-1.10614
333	-1.44029
334	-1.76491
335	-2.02907
336	-2.09135
337	-2.13852
338	-2.18449
339	-2.22963
340	-2.27399
341	-2.31759
342	-2.36045
343	-2.40255
344	-2.4439
345	-2.48446
346	-2.52421
347	-2.56311
348	-2.60109
349	-2.6381
350	-2.67401
351	-2.70867
352	-2.74182
353	-2.77302
354	-2.80138
355	-2.8249
356	-2.83961
357	-2.84096
358	-2.82926
359	-2.80985
360	-2.78789
Phase Current ib
0	2.78789
1	2.59856
2	2.77549
3	2.75544
4	2.76595
5	2.78681
6	2.8115
7	2.83803
8	2.86547
9	2.89339
10	2.92154
11	2.94977
12	2.978
13	3.00614
14	3.03417
15	3.06205
16	3.08977
17	3.11734
18	3.14475
19	3.17202
20	3.19918
21	3.22627
22	3.25335
23	3.28048
24	3.3078
25	3.33544
26	3.36364
27	3.39274
28	3.42328
29	3.45619
30	2.78868
31	2.14359
32	1.52503
33	0.944931
34	0.403009
35	-3.71538e-11
36	6.48988e-11
37	6.69189e-11
38	6.8118e-11
39	6.89027e-11
40	6.94498e-11
41	6.98477e-11
42	7.01466e-11
43	7.0381e-11
44	7.05747e-11
45	7.0747e-11
46	7.09122e-11
47	7.10854e-11
48	7.12848e-11
49	7.1529e-11
50	7.18474e-11
51	7.22804e-11
52	7.29004e-11
53	7.38396e-11
54	7.54143e-11
55	7.83489e-11
56	8.39355e-11
57	9.26481e-11
58	1.01549e-10
59	1.07762e-10
60	-1.12e-10
61	-1.07752e-10
62	-1.01502e-10
63	-9.25144e-11
64	-8.36828e-11
65	-7.80034e-11
66	-7.49991e-11
67	-7.33644e-11
68	-7.23701e-11
69	-7.17009e-11
70	-7.12217e-11
71	-7.08602e-11
72	-7.05733e-11
73	-7.03335e-11
74	-7.01221e-11
75	-6.99196e-11
76	-6.97118e-11
77	-6.94822e-11
78	-6.9214e-11
79	-6.88782e-11
80	-6.84448e-11
81	-6.78613e-11
82	-6.70317e-11
83	-6.5782e-11
84	-6.3697e-11
85	-5.98082e-11
86	-5.2383e-11
87	-4.08207e-11
88	-2.91358e-11
89	-2.13038e-11
90	-0.381654
91	-0.751574
92	-1.10614
93	-1.44029
94	-1.76489
95	-2.02948
96	-2.0918
97	-2.13897
98	-2.18494
99	-2.23008
100	-2.27444
101	-2.31804
102	-2.36089
103	-2.403
104	-2.44434
105	-2.4849
106	-2.52465
107	-2.56354
108	-2.60153
109	-2.63853
110	-2.67444
111	-2.70909
112	-2.74225
113	-2.77345
114	-2.8018
115	-2.82532
116	-2.84003
117	-2.84138
118	-2.82967
119	-2.81026
120	-2.7883
121	-2.76799
122	-2.75441
123	-2.75274
124	-2.76336
125	-2.78423
126	-2.80895
127	-2.83549
128	-2.86295
129	-2.89088
130	-2.91905
131	-2.9473
132	-2.97554
133	-3.0037
134	-3.03174
135	-3.05964
136	-3.08738
137	-3.11496
138	-3.14239
139	-3.16968
140	-3.19685
141	-3.22396
142	-3.25105
143	-3.2782
144	-3.30553
145	-3.33319
146	-3.36141
147	-3.39052
148	-3.42107
149	-3.454
150	-3.16815
151	-2.893
152	-2.62901
153	-2.38307
154	-2.16576
155	-2.02921
156	-2.09151
157	-2.13868
158	-2.18465
159	-2.22979
160	-2.27415
161	-2.31775
162	-2.36061
163	-2.40271
164	-2.44405
165	-2.48461
166	-2.52436
167	-2.56326
168	-2.60125
169	-2.63825
170	-2.67416
171	-2.70882
172	-2.74197
173	-2.77317
174	-2.80153
175	-2.82505
176	-2.83976
177	-2.84111
178	-2.82941
179	-2.81
180	-2.78803
181	-2.76773
182	-2.75415
183	-2.75249
184	-2.7631
185	-2.78398
186	-2.8087
187	-2.83524
188	-2.8627
189	-2.89063
190	-2.9188
191	-2.94706
192	-2.9753
193	-3.00346
194	-3.0315
195	-3.0594
196	-3.08714
197	-3.11473
198	-3.14216
199	-3.16945
200	-3.19663
201	-3.22373
202	-3.25082
203	-3.27798
204	-3.30531
205	-3.33297
206	-3.36119
207	-3.39031
208	-3.42086
209	-3.45378
210	-2.78629
211	-2.14121
212	-1.52266
213	-0.942569
214	-0.400647
215	3.78946e-11
216	-6.48983e-11
217	-6.69185e-11
218	-6.8118e-11
219	-6.89027e-11
220	-6.94489e-11
221	-6.98468e-11
222	-7.01457e-11
223	-7.03819e-11
224	-7.0576e-11
225	-7.07479e-11
226	-7.09122e-11
227	-7.10862e-11
228	-7.12848e-11
229	-7.15299e-11
230	-7.18465e-11
231	-7.22795e-11
232	-7.28986e-11
233	-7.38396e-11
234	-7.54157e-11
235	-7.8348e-11
236	-8.39369e-11
237	-9.26477e-11
238	-1.0155e-10
239	-1.07761e-10
240	1.12e-10
241	1.07752e-10
242	1.01501e-10
243	9.25149e-11
244	8.3682e-11
245	7.80038e-11
246	7.49991e-11
247	7.33635e-11
248	7.23692e-11
249	7.17013e-11
250	7.12208e-11
251	7.08593e-11
252	7.05724e-11
253	7.03344e-11
254	7.01217e-11
255	6.99187e-11
256	6.97113e-11
257	6.94826e-11
258	6.92126e-11
259	6.88782e-11
260	6.84457e-11
261	6.78604e-11
262	6.7033e-11
263	6.57816e-11
264	6.36975e-11
265	5.98082e-11
266	5.23839e-11
267	4.08198e-11
268	2.91376e-11
269	2.13038e-11
270	0.381654
271	0.751576
272	1.10614
273	1.44029
274	1.76491
275	2.02908
276	2.09137
277	2.13854
278	2.1845
279	2.22964
280	2.274
281	2.31761
282	2.36046
283	2.40257
284	2.44391
285	2.48447
286	2.52422
287	2.56312
288	2.60111
289	2.63811
290	2.67402
291	2.70868
292	2.74183
293	2.77304
294	2.8014
295	2.82491
296	2.83963
297	2.84097
298	2.82927
299	2.80986
300	2.7879
301	2.7676
302	2.75402
303	2.75236
304	2.76298
305	2.78385
306	2.80857
307	2.83511
308	2.86257
309	2.89051
310	2.91868
311	2.94693
312	2.97517
313	3.00334
314	3.03138
315	3.05928
316	3.08703
317	3.11461
318	3.14204
319	3.16933
320	3.19651
321	3.22362
322	3.25071
323	3.27787
324	3.3052
325	3.33286
326	3.36108
327	3.3902
328	3.42075
329	3.45368
330	3.16783
331	2.89268
332	2.62869
333	2.38275
334	2.16545
335	2.02907
336	2.09135
337	2.13852
338	2.18449
339	2.22963
340	2.27399
341	2.31759
342	2.36045
343	2.40255
344	2.4439
345	2.48446
346	2.52421
347	2.56311
348	2.60109
349	2.6381
350	2.67401
351	2.70867
352	2.74182
353	2.77302
354	2.80138
355	2.8249
356	2.83961
357	2.84096
358	2.82926
359	2.80985
360	2.78789
Phase Current ic
