Induced Winding Voltages at Rated Speed
Electric Degree
(Volts)
0	0.000000
1	2.865222
2	7.072409
3	13.111005
4	19.033281
5	22.847062
6	24.863341
7	25.959663
8	26.626489
9	27.074432
10	27.396991
11	27.642162
12	27.838704
13	28.006176
14	28.159435
15	28.311136
16	28.473514
17	28.659985
18	28.886984
19	29.176521
20	29.560398
21	30.088449
22	30.847794
23	32.014339
24	33.994496
25	37.748321
26	44.999920
27	56.322017
28	67.643539
29	74.893378
30	78.644149
31	80.619771
32	81.780016
33	82.530902
34	83.047792
35	83.417078
36	83.687617
37	83.889896
38	84.044148
39	84.164377
40	84.260636
41	84.340427
42	84.409635
43	84.473175
44	84.535502
45	84.601054
46	84.674717
47	84.762378
48	84.871699
49	85.013301
50	85.202813
51	85.464959
52	85.843156
53	86.425252
54	87.414372
55	89.290481
56	92.915580
57	98.575987
58	104.236126
59	107.860407
60	109.735098
61	110.722116
62	111.301302
63	111.675609
64	111.932651
65	112.115539
66	112.248596
67	112.346930
68	112.420486
69	112.476043
70	112.518336
71	112.550739
72	112.575693
73	112.594989
74	112.609959
75	112.621603
76	112.630678
77	112.637761
78	112.643294
79	112.647618
80	112.650998
81	112.653636
82	112.655693
83	112.657289
84	112.658521
85	112.659460
86	112.660164
87	112.660672
88	112.661015
89	112.661213
90	112.661279
91	112.661213
92	112.661015
93	112.660672
94	112.660164
95	112.659460
96	112.658521
97	112.657289
98	112.655693
99	112.653636
100	112.650998
101	112.647618
102	112.643294
103	112.637761
104	112.630678
105	112.621603
106	112.609959
107	112.594989
108	112.575693
109	112.550739
110	112.518336
111	112.476043
112	112.420486
113	112.346930
114	112.248596
115	112.115539
116	111.932651
117	111.675609
118	111.301302
119	110.722116
120	109.735098
121	107.860407
122	104.236126
123	98.575987
124	92.915580
125	89.290481
126	87.414372
127	86.425252
128	85.843156
129	85.464959
130	85.202813
131	85.013301
132	84.871699
133	84.762378
134	84.674717
135	84.601054
136	84.535502
137	84.473175
138	84.409635
139	84.340427
140	84.260636
141	84.164377
142	84.044148
143	83.889896
144	83.687617
145	83.417078
146	83.047792
147	82.530902
148	81.780016
149	80.619771
150	78.644149
151	74.893378
152	67.643539
153	56.322017
154	44.999920
155	37.748321
156	33.994496
157	32.014339
158	30.847794
159	30.088449
160	29.560398
161	29.176521
162	28.886984
163	28.659985
164	28.473514
165	28.311136
166	28.159435
167	28.006176
168	27.838704
169	27.642162
170	27.396991
171	27.074432
172	26.626489
173	25.959663
174	24.863341
175	22.847062
176	19.033281
177	13.111005
178	7.072409
179	2.865222
180	0.000000
181	-2.865222
182	-7.072409
183	-13.111005
184	-19.033281
185	-22.847062
186	-24.863341
187	-25.959663
188	-26.626489
189	-27.074432
190	-27.396991
191	-27.642162
192	-27.838704
193	-28.006176
194	-28.159435
195	-28.311136
196	-28.473514
197	-28.659985
198	-28.886984
199	-29.176521
200	-29.560398
201	-30.088449
202	-30.847794
203	-32.014339
204	-33.994496
205	-37.748321
206	-44.999920
207	-56.322017
208	-67.643539
209	-74.893378
210	-78.644149
211	-80.619771
212	-81.780016
213	-82.530902
214	-83.047792
215	-83.417078
216	-83.687617
217	-83.889896
218	-84.044148
219	-84.164377
220	-84.260636
221	-84.340427
222	-84.409635
223	-84.473175
224	-84.535502
225	-84.601054
226	-84.674717
227	-84.762378
228	-84.871699
229	-85.013301
230	-85.202813
231	-85.464959
232	-85.843156
233	-86.425252
234	-87.414372
235	-89.290481
236	-92.915580
237	-98.575987
238	-104.236126
239	-107.860407
240	-109.735098
241	-110.722116
242	-111.301302
243	-111.675609
244	-111.932651
245	-112.115539
246	-112.248596
247	-112.346930
248	-112.420486
249	-112.476043
250	-112.518336
251	-112.550739
252	-112.575693
253	-112.594989
254	-112.609959
255	-112.621603
256	-112.630678
257	-112.637761
258	-112.643294
259	-112.647618
260	-112.650998
261	-112.653636
262	-112.655693
263	-112.657289
264	-112.658521
265	-112.659460
266	-112.660164
267	-112.660672
268	-112.661015
269	-112.661213
270	-112.661279
271	-112.661213
272	-112.661015
273	-112.660672
274	-112.660164
275	-112.659460
276	-112.658521
277	-112.657289
278	-112.655693
279	-112.653636
280	-112.650998
281	-112.647618
282	-112.643294
283	-112.637761
284	-112.630678
285	-112.621603
286	-112.609959
287	-112.594989
288	-112.575693
289	-112.550739
290	-112.518336
291	-112.476043
292	-112.420486
293	-112.346930
294	-112.248596
295	-112.115539
296	-111.932651
297	-111.675609
298	-111.301302
299	-110.722116
300	-109.735098
301	-107.860407
302	-104.236126
303	-98.575987
304	-92.915580
305	-89.290481
306	-87.414372
307	-86.425252
308	-85.843156
309	-85.464959
310	-85.202813
311	-85.013301
312	-84.871699
313	-84.762378
314	-84.674717
315	-84.601054
316	-84.535502
317	-84.473175
318	-84.409635
319	-84.340427
320	-84.260636
321	-84.164377
322	-84.044148
323	-83.889896
324	-83.687617
325	-83.417078
326	-83.047792
327	-82.530902
328	-81.780016
329	-80.619771
330	-78.644149
331	-74.893378
332	-67.643539
333	-56.322017
334	-44.999920
335	-37.748321
336	-33.994496
337	-32.014339
338	-30.847794
339	-30.088449
340	-29.560398
341	-29.176521
342	-28.886984
343	-28.659985
344	-28.473514
345	-28.311136
346	-28.159435
347	-28.006176
348	-27.838704
349	-27.642162
350	-27.396991
351	-27.074432
352	-26.626489
353	-25.959663
354	-24.863341
355	-22.847062
356	-19.033281
357	-13.111005
358	-7.072409
359	-2.865222
360	0.000000
Phase Voltage ea
0	109.735098
1	113.587338
2	118.373712
3	124.786615
4	130.965932
5	134.962601
6	137.111936
7	138.306594
8	139.046976
9	139.550475
10	139.915328
11	140.192901
12	140.414397
13	140.601165
14	140.769394
15	140.932740
16	141.104193
17	141.297746
18	141.530277
19	141.824139
20	142.211396
21	142.742085
22	143.503487
23	144.671628
24	146.653016
25	150.407781
26	157.660084
27	168.982689
28	180.304554
29	187.554592
30	191.305428
31	193.280984
32	194.441031
33	195.191574
34	195.707955
35	196.076538
36	196.346137
37	196.547185
38	196.699840
39	196.818013
40	196.911633
41	196.988045
42	197.052929
43	197.110936
44	197.166180
45	197.222657
46	197.284676
47	197.357367
48	197.447392
49	197.564040
50	197.721149
51	197.941002
52	198.263643
53	198.772183
54	199.662968
55	201.406020
56	204.848231
57	210.251596
58	215.537429
59	218.582523
60	219.470195
61	218.582523
62	215.537429
63	210.251596
64	204.848231
65	201.406020
66	199.662968
67	198.772183
68	198.263643
69	197.941002
70	197.721149
71	197.564040
72	197.447392
73	197.357367
74	197.284676
75	197.222657
76	197.166180
77	197.110936
78	197.052929
79	196.988045
80	196.911633
81	196.818013
82	196.699840
83	196.547185
84	196.346137
85	196.076538
86	195.707955
87	195.191574
88	194.441031
89	193.280984
90	191.305428
91	187.554592
92	180.304554
93	168.982689
94	157.660084
95	150.407781
96	146.653016
97	144.671628
98	143.503487
99	142.742085
100	142.211396
101	141.824139
102	141.530277
103	141.297746
104	141.104193
105	140.932740
106	140.769394
107	140.601165
108	140.414397
109	140.192901
110	139.915328
111	139.550475
112	139.046976
113	138.306594
114	137.111936
115	134.962601
116	130.965932
117	124.786615
118	118.373712
119	113.587338
120	109.735098
121	104.995185
122	97.163717
123	85.464982
124	73.882299
125	66.443419
126	62.551032
127	60.465589
128	59.216667
129	58.390527
130	57.805822
131	57.371139
132	57.032995
133	56.756202
134	56.515282
135	56.289918
136	56.061987
137	55.813190
138	55.522652
139	55.163906
140	54.700238
141	54.075928
142	53.196353
143	51.875557
144	49.693121
145	45.668757
146	38.047871
147	26.208884
148	14.136477
149	5.726393
150	0.000000
151	-5.726393
152	-14.136477
153	-26.208884
154	-38.047871
155	-45.668757
156	-49.693121
157	-51.875557
158	-53.196353
159	-54.075928
160	-54.700238
161	-55.163906
162	-55.522652
163	-55.813190
164	-56.061987
165	-56.289918
166	-56.515282
167	-56.756202
168	-57.032995
169	-57.371139
170	-57.805822
171	-58.390527
172	-59.216667
173	-60.465589
174	-62.551032
175	-66.443419
176	-73.882299
177	-85.464982
178	-97.163717
179	-104.995185
180	-109.735098
181	-113.587338
182	-118.373712
183	-124.786615
184	-130.965932
185	-134.962601
186	-137.111936
187	-138.306594
188	-139.046976
189	-139.550475
190	-139.915328
191	-140.192901
192	-140.414397
193	-140.601165
194	-140.769394
195	-140.932740
196	-141.104193
197	-141.297746
198	-141.530277
199	-141.824139
200	-142.211396
201	-142.742085
202	-143.503487
203	-144.671628
204	-146.653016
205	-150.407781
206	-157.660084
207	-168.982689
208	-180.304554
209	-187.554592
210	-191.305428
211	-193.280984
212	-194.441031
213	-195.191574
214	-195.707955
215	-196.076538
216	-196.346137
217	-196.547185
218	-196.699840
219	-196.818013
220	-196.911633
221	-196.988045
222	-197.052929
223	-197.110936
224	-197.166180
225	-197.222657
226	-197.284676
227	-197.357367
228	-197.447392
229	-197.564040
230	-197.721149
231	-197.941002
232	-198.263643
233	-198.772183
234	-199.662968
235	-201.406020
236	-204.848231
237	-210.251596
238	-215.537429
239	-218.582523
240	-219.470195
241	-218.582523
242	-215.537429
243	-210.251596
244	-204.848231
245	-201.406020
246	-199.662968
247	-198.772183
248	-198.263643
249	-197.941002
250	-197.721149
251	-197.564040
252	-197.447392
253	-197.357367
254	-197.284676
255	-197.222657
256	-197.166180
257	-197.110936
258	-197.052929
259	-196.988045
260	-196.911633
261	-196.818013
262	-196.699840
263	-196.547185
264	-196.346137
265	-196.076538
266	-195.707955
267	-195.191574
268	-194.441031
269	-193.280984
270	-191.305428
271	-187.554592
272	-180.304554
273	-168.982689
274	-157.660084
275	-150.407781
276	-146.653016
277	-144.671628
278	-143.503487
279	-142.742085
280	-142.211396
281	-141.824139
282	-141.530277
283	-141.297746
284	-141.104193
285	-140.932740
286	-140.769394
287	-140.601165
288	-140.414397
289	-140.192901
290	-139.915328
291	-139.550475
292	-139.046976
293	-138.306594
294	-137.111936
295	-134.962601
296	-130.965932
297	-124.786615
298	-118.373712
299	-113.587338
300	-109.735098
301	-104.995185
302	-97.163717
303	-85.464982
304	-73.882299
305	-66.443419
306	-62.551032
307	-60.465589
308	-59.216667
309	-58.390527
310	-57.805822
311	-57.371139
312	-57.032995
313	-56.756202
314	-56.515282
315	-56.289918
316	-56.061987
317	-55.813190
318	-55.522652
319	-55.163906
320	-54.700238
321	-54.075928
322	-53.196353
323	-51.875557
324	-49.693121
325	-45.668757
326	-38.047871
327	-26.208884
328	-14.136477
329	-5.726393
330	0.000000
331	5.726393
332	14.136477
333	26.208884
334	38.047871
335	45.668757
336	49.693121
337	51.875557
338	53.196353
339	54.075928
340	54.700238
341	55.163906
342	55.522652
343	55.813190
344	56.061987
345	56.289918
346	56.515282
347	56.756202
348	57.032995
349	57.371139
350	57.805822
351	58.390527
352	59.216667
353	60.465589
354	62.551032
355	66.443419
356	73.882299
357	85.464982
358	97.163717
359	104.995185
360	109.735098
Line Voltage eab
