Induced Coil Voltages at Rated Speed
Electric Degree
(Volts)
0	0.000000
1	-0.000023
2	-0.000047
3	-0.000074
4	-0.000106
5	-0.000144
6	-0.000190
7	-0.000248
8	-0.000320
9	-0.000413
10	-0.000530
11	-0.000681
12	-0.000874
13	-0.001124
14	-0.001448
15	-0.001871
16	-0.002426
17	-0.003161
18	-0.004143
19	-0.005472
20	-0.007300
21	-0.009868
22	-0.013608
23	-0.019396
24	-0.029262
25	-0.048003
26	-0.084238
27	-0.140829
28	-0.197421
29	-0.233656
30	-0.252397
31	-0.262262
32	-0.268051
33	-0.271791
34	-0.274359
35	-0.276186
36	-0.277515
37	-0.278497
38	-0.279232
39	-0.279787
40	-0.280209
41	-0.280533
42	-0.280782
43	-0.280975
44	-0.281124
45	-0.281241
46	-0.281331
47	-0.281402
48	-0.281458
49	-0.281501
50	-0.281535
51	-0.281562
52	-0.281582
53	-0.281599
54	-0.281612
55	-0.281622
56	-0.281630
57	-0.281636
58	-0.281641
59	-0.281645
60	-0.281648
61	-0.281650
62	-0.281652
63	-0.281653
64	-0.281655
65	-0.281655
66	-0.281656
67	-0.281657
68	-0.281657
69	-0.281657
70	-0.281658
71	-0.281658
72	-0.281658
73	-0.281658
74	-0.281658
75	-0.281658
76	-0.281658
77	-0.281659
78	-0.281659
79	-0.281659
80	-0.281659
81	-0.281659
82	-0.281659
83	-0.281659
84	-0.281659
85	-0.281659
86	-0.281659
87	-0.281659
88	-0.281659
89	-0.281659
90	-0.281659
91	-0.281659
92	-0.281659
93	-0.281659
94	-0.281659
95	-0.281659
96	-0.281659
97	-0.281659
98	-0.281659
99	-0.281659
100	-0.281659
101	-0.281659
102	-0.281659
103	-0.281659
104	-0.281658
105	-0.281658
106	-0.281658
107	-0.281658
108	-0.281658
109	-0.281658
110	-0.281658
111	-0.281657
112	-0.281657
113	-0.281657
114	-0.281656
115	-0.281655
116	-0.281655
117	-0.281653
118	-0.281652
119	-0.281650
120	-0.281648
121	-0.281645
122	-0.281641
123	-0.281636
124	-0.281630
125	-0.281622
126	-0.281612
127	-0.281599
128	-0.281582
129	-0.281562
130	-0.281535
131	-0.281501
132	-0.281458
133	-0.281402
134	-0.281331
135	-0.281241
136	-0.281124
137	-0.280975
138	-0.280782
139	-0.280533
140	-0.280209
141	-0.279787
142	-0.279232
143	-0.278497
144	-0.277515
145	-0.276186
146	-0.274359
147	-0.271791
148	-0.268051
149	-0.262262
150	-0.252397
151	-0.233656
152	-0.197421
153	-0.140829
154	-0.084238
155	-0.048003
156	-0.029262
157	-0.019396
158	-0.013608
159	-0.009868
160	-0.007300
161	-0.005472
162	-0.004143
163	-0.003161
164	-0.002426
165	-0.001871
166	-0.001448
167	-0.001124
168	-0.000874
169	-0.000681
170	-0.000530
171	-0.000413
172	-0.000320
173	-0.000248
174	-0.000190
175	-0.000144
176	-0.000106
177	-0.000074
178	-0.000047
179	-0.000023
180	0.000000
181	0.000023
182	0.000047
183	0.000074
184	0.000106
185	0.000144
186	0.000190
187	0.000248
188	0.000320
189	0.000413
190	0.000530
191	0.000681
192	0.000874
193	0.001124
194	0.001448
195	0.001871
196	0.002426
197	0.003161
198	0.004143
199	0.005472
200	0.007300
201	0.009868
202	0.013608
203	0.019396
204	0.029262
205	0.048003
206	0.084238
207	0.140829
208	0.197421
209	0.233656
210	0.252397
211	0.262262
212	0.268051
213	0.271791
214	0.274359
215	0.276186
216	0.277515
217	0.278497
218	0.279232
219	0.279787
220	0.280209
221	0.280533
222	0.280782
223	0.280975
224	0.281124
225	0.281241
226	0.281331
227	0.281402
228	0.281458
229	0.281501
230	0.281535
231	0.281562
232	0.281582
233	0.281599
234	0.281612
235	0.281622
236	0.281630
237	0.281636
238	0.281641
239	0.281645
240	0.281648
241	0.281650
242	0.281652
243	0.281653
244	0.281655
245	0.281655
246	0.281656
247	0.281657
248	0.281657
249	0.281657
250	0.281658
251	0.281658
252	0.281658
253	0.281658
254	0.281658
255	0.281658
256	0.281658
257	0.281659
258	0.281659
259	0.281659
260	0.281659
261	0.281659
262	0.281659
263	0.281659
264	0.281659
265	0.281659
266	0.281659
267	0.281659
268	0.281659
269	0.281659
270	0.281659
271	0.281659
272	0.281659
273	0.281659
274	0.281659
275	0.281659
276	0.281659
277	0.281659
278	0.281659
279	0.281659
280	0.281659
281	0.281659
282	0.281659
283	0.281659
284	0.281658
285	0.281658
286	0.281658
287	0.281658
288	0.281658
289	0.281658
290	0.281658
291	0.281657
292	0.281657
293	0.281657
294	0.281656
295	0.281655
296	0.281655
297	0.281653
298	0.281652
299	0.281650
300	0.281648
301	0.281645
302	0.281641
303	0.281636
304	0.281630
305	0.281622
306	0.281612
307	0.281599
308	0.281582
309	0.281562
310	0.281535
311	0.281501
312	0.281458
313	0.281402
314	0.281331
315	0.281241
316	0.281124
317	0.280975
318	0.280782
319	0.280533
320	0.280209
321	0.279787
322	0.279232
323	0.278497
324	0.277515
325	0.276186
326	0.274359
327	0.271791
328	0.268051
329	0.262262
330	0.252397
331	0.233656
332	0.197421
333	0.140829
334	0.084238
335	0.048003
336	0.029262
337	0.019396
338	0.013608
339	0.009868
340	0.007300
341	0.005472
342	0.004143
343	0.003161
344	0.002426
345	0.001871
346	0.001448
347	0.001124
348	0.000874
349	0.000681
350	0.000530
351	0.000413
352	0.000320
353	0.000248
354	0.000190
355	0.000144
356	0.000106
357	0.000074
358	0.000047
359	0.000023
360	-0.000000
One-Conductor Voltage
0	0.252397
1	0.233633
2	0.197374
3	0.140755
4	0.084132
5	0.047859
6	0.029072
7	0.019148
8	0.013288
9	0.009455
10	0.006769
11	0.004792
12	0.003269
13	0.002037
14	0.000978
15	0.000000
16	-0.000978
17	-0.002037
18	-0.003269
19	-0.004792
20	-0.006769
21	-0.009455
22	-0.013288
23	-0.019148
24	-0.029072
25	-0.047859
26	-0.084132
27	-0.140755
28	-0.197374
29	-0.233633
30	-0.252397
31	-0.262285
32	-0.268098
33	-0.271865
34	-0.274465
35	-0.276330
36	-0.277705
37	-0.278745
38	-0.279552
39	-0.280199
40	-0.280739
41	-0.281213
42	-0.281656
43	-0.282099
44	-0.282572
45	-0.283111
46	-0.283757
47	-0.284563
48	-0.285601
49	-0.286973
50	-0.288835
51	-0.291429
52	-0.295190
53	-0.300995
54	-0.310873
55	-0.329624
56	-0.365867
57	-0.422465
58	-0.479062
59	-0.515301
60	-0.534045
61	-0.543912
62	-0.549702
63	-0.553444
64	-0.556013
65	-0.557841
66	-0.559171
67	-0.560154
68	-0.560889
69	-0.561444
70	-0.561867
71	-0.562191
72	-0.562440
73	-0.562633
74	-0.562783
75	-0.562899
76	-0.562990
77	-0.563061
78	-0.563116
79	-0.563160
80	-0.563194
81	-0.563220
82	-0.563241
83	-0.563258
84	-0.563270
85	-0.563280
86	-0.563288
87	-0.563295
88	-0.563300
89	-0.563303
90	-0.563306
91	-0.563309
92	-0.563311
93	-0.563312
94	-0.563313
95	-0.563314
96	-0.563315
97	-0.563315
98	-0.563316
99	-0.563316
100	-0.563316
101	-0.563317
102	-0.563317
103	-0.563317
104	-0.563317
105	-0.563317
106	-0.563317
107	-0.563317
108	-0.563317
109	-0.563317
110	-0.563316
111	-0.563316
112	-0.563316
113	-0.563315
114	-0.563315
115	-0.563314
116	-0.563313
117	-0.563312
118	-0.563311
119	-0.563309
120	-0.563306
121	-0.563303
122	-0.563300
123	-0.563295
124	-0.563288
125	-0.563280
126	-0.563270
127	-0.563258
128	-0.563241
129	-0.563220
130	-0.563194
131	-0.563160
132	-0.563116
133	-0.563061
134	-0.562990
135	-0.562899
136	-0.562783
137	-0.562633
138	-0.562440
139	-0.562191
140	-0.561867
141	-0.561444
142	-0.560889
143	-0.560154
144	-0.559171
145	-0.557841
146	-0.556013
147	-0.553444
148	-0.549702
149	-0.543912
150	-0.534045
151	-0.515301
152	-0.479062
153	-0.422465
154	-0.365867
155	-0.329624
156	-0.310873
157	-0.300995
158	-0.295190
159	-0.291429
160	-0.288835
161	-0.286973
162	-0.285601
163	-0.284563
164	-0.283757
165	-0.283111
166	-0.282572
167	-0.282099
168	-0.281656
169	-0.281213
170	-0.280739
171	-0.280199
172	-0.279552
173	-0.278745
174	-0.277705
175	-0.276330
176	-0.274465
177	-0.271865
178	-0.268098
179	-0.262285
180	-0.252397
181	-0.233633
182	-0.197374
183	-0.140755
184	-0.084132
185	-0.047859
186	-0.029072
187	-0.019148
188	-0.013288
189	-0.009455
190	-0.006769
191	-0.004792
192	-0.003269
193	-0.002037
194	-0.000978
195	0.000000
196	0.000978
197	0.002037
198	0.003269
199	0.004792
200	0.006769
201	0.009455
202	0.013288
203	0.019148
204	0.029072
205	0.047859
206	0.084132
207	0.140755
208	0.197374
209	0.233633
210	0.252397
211	0.262285
212	0.268098
213	0.271865
214	0.274465
215	0.276330
216	0.277705
217	0.278745
218	0.279552
219	0.280199
220	0.280739
221	0.281213
222	0.281656
223	0.282099
224	0.282572
225	0.283111
226	0.283757
227	0.284563
228	0.285601
229	0.286973
230	0.288835
231	0.291429
232	0.295190
233	0.300995
234	0.310873
235	0.329624
236	0.365867
237	0.422465
238	0.479062
239	0.515301
240	0.534045
241	0.543912
242	0.549702
243	0.553444
244	0.556013
245	0.557841
246	0.559171
247	0.560154
248	0.560889
249	0.561444
250	0.561867
251	0.562191
252	0.562440
253	0.562633
254	0.562783
255	0.562899
256	0.562990
257	0.563061
258	0.563116
259	0.563160
260	0.563194
261	0.563220
262	0.563241
263	0.563258
264	0.563270
265	0.563280
266	0.563288
267	0.563295
268	0.563300
269	0.563303
270	0.563306
271	0.563309
272	0.563311
273	0.563312
274	0.563313
275	0.563314
276	0.563315
277	0.563315
278	0.563316
279	0.563316
280	0.563316
281	0.563317
282	0.563317
283	0.563317
284	0.563317
285	0.563317
286	0.563317
287	0.563317
288	0.563317
289	0.563317
290	0.563316
291	0.563316
292	0.563316
293	0.563315
294	0.563315
295	0.563314
296	0.563313
297	0.563312
298	0.563311
299	0.563309
300	0.563306
301	0.563303
302	0.563300
303	0.563295
304	0.563288
305	0.563280
306	0.563270
307	0.563258
308	0.563241
309	0.563220
310	0.563194
311	0.563160
312	0.563116
313	0.563061
314	0.562990
315	0.562899
316	0.562783
317	0.562633
318	0.562440
319	0.562191
320	0.561867
321	0.561444
322	0.560889
323	0.560154
324	0.559171
325	0.557841
326	0.556013
327	0.553444
328	0.549702
329	0.543912
330	0.534045
331	0.515301
332	0.479062
333	0.422465
334	0.365867
335	0.329624
336	0.310873
337	0.300995
338	0.295190
339	0.291429
340	0.288835
341	0.286973
342	0.285601
343	0.284563
344	0.283757
345	0.283111
346	0.282572
347	0.282099
348	0.281656
349	0.281213
350	0.280739
351	0.280199
352	0.279552
353	0.278745
354	0.277705
355	0.276330
356	0.274465
357	0.271865
358	0.268098
359	0.262285
360	0.252397
One-Turn Voltage
