Winding Voltages under Load 
Electric Degree
(Volts)
0	4.25351e-08
0	74.6678
1	74.6678
1	-63.7305
2	-63.7305
3	13.0976
4	19.0337
5	22.8538
6	24.8774
7	25.9816
8	26.6565
9	27.1127
10	27.4438
11	27.6976
12	27.903
13	28.0795
14	28.242
15	28.4031
16	28.5753
17	28.7718
18	29.0093
19	29.3099
20	29.7056
21	30.2466
22	31.0207
23	32.205
24	34.2091
25	38.0002
26	45.3166
27	56.7391
28	68.1698
29	75.5046
29	160.336
30	160.336
31	159.699
32	157.624
33	154.066
34	150.415
34	100.605
35	100.605
36	93.8101
37	93.9076
38	93.9807
39	94.0368
40	94.0808
41	94.1164
42	94.1468
43	94.1745
44	94.2018
45	94.231
46	94.2651
47	94.3071
48	94.3614
49	94.434
50	94.5334
51	94.6732
52	94.8766
53	95.1895
54	95.7159
55	96.6992
56	98.5754
57	101.501
58	104.491
59	106.577
60	108
61	109.426
62	111.525
63	114.543
64	117.509
65	119.416
66	120.424
67	120.972
68	121.304
69	121.525
70	121.681
71	121.796
72	121.884
73	121.953
74	122.009
75	122.056
76	122.098
77	122.137
78	122.177
79	122.218
80	122.265
81	122.319
82	122.386
83	122.469
84	122.577
85	122.719
86	122.91
87	123.176
88	123.561
89	124.151
89	55.6638
90	55.6638
91	56.3007
92	58.3763
93	61.934
94	65.5854
94	115.573
95	115.573
96	122.19
97	122.093
98	122.019
99	121.963
100	121.919
101	121.884
102	121.853
103	121.826
104	121.798
105	121.769
106	121.735
107	121.693
108	121.639
109	121.566
110	121.467
111	121.327
112	121.123
113	120.811
114	120.284
115	119.301
116	117.425
117	114.499
118	111.509
119	109.423
120	108
121	106.574
122	104.475
123	101.457
124	98.4912
125	96.5841
126	95.5758
127	95.0282
128	94.6964
129	94.4754
130	94.3189
131	94.2037
132	94.116
133	94.0473
134	93.9915
135	93.9442
136	93.9022
137	93.8628
138	93.8234
139	93.7818
140	93.7352
141	93.6806
142	93.6141
143	93.5307
144	93.4232
145	93.2813
146	93.0897
147	92.8236
148	92.4394
149	91.8486
149	-59.6639
150	-59.6639
151	-60.3007
152	-62.3763
153	-65.934
154	-69.5855
154	23.6177
155	23.6177
156	33.3013
157	31.3663
158	30.2304
159	29.4944
160	28.9861
161	28.6202
162	28.3478
163	28.1377
164	27.9684
165	27.8238
166	27.6906
167	27.5568
168	27.41
169	27.2354
170	27.0137
171	26.7162
172	26.2955
173	25.6588
174	24.5971
175	22.6234
176	18.8654
177	13.0089
178	7.02509
179	2.84933
180	-4.25351e-08
181	-2.85597
182	-7.05759
183	-13.098
184	-19.0337
185	-22.8538
186	-24.8775
187	-25.9816
188	-26.6565
189	-27.1127
190	-27.4437
191	-27.6976
192	-27.9029
193	-28.0794
194	-28.2419
195	-28.4031
196	-28.5752
197	-28.7717
198	-29.0092
199	-29.3098
200	-29.7055
201	-30.2465
202	-31.0205
203	-32.2049
204	-34.2089
205	-38
206	-45.3164
207	-56.7388
208	-68.1695
209	-75.5042
209	-160.336
210	-160.336
211	-159.699
212	-157.624
213	-154.066
214	-150.415
214	-100.339
215	-100.339
216	-93.8099
217	-93.9074
218	-93.9805
219	-94.0366
220	-94.0806
221	-94.1163
222	-94.1467
223	-94.1743
224	-94.2016
225	-94.2309
226	-94.2649
227	-94.307
228	-94.3613
229	-94.4339
230	-94.5333
231	-94.6731
232	-94.8765
233	-95.1894
234	-95.7159
235	-96.6992
236	-98.5753
237	-101.501
238	-104.491
239	-106.577
240	-108
241	-109.426
242	-111.525
243	-114.543
244	-117.509
245	-119.416
246	-120.424
247	-120.972
248	-121.304
249	-121.525
250	-121.681
251	-121.796
252	-121.884
253	-121.953
254	-122.009
255	-122.056
256	-122.098
257	-122.137
258	-122.177
259	-122.218
260	-122.265
261	-122.319
262	-122.386
263	-122.469
264	-122.577
265	-122.719
266	-122.91
267	-123.176
268	-123.561
269	-124.151
269	-55.6639
270	-55.6639
271	-56.3007
272	-58.3763
273	-61.934
274	-65.5855
274	-115.669
275	-115.669
276	-122.19
277	-122.093
278	-122.019
279	-121.963
280	-121.919
281	-121.884
282	-121.853
283	-121.826
284	-121.798
285	-121.769
286	-121.735
287	-121.693
288	-121.639
289	-121.566
290	-121.467
291	-121.327
292	-121.124
293	-120.811
294	-120.284
295	-119.301
296	-117.425
297	-114.499
298	-111.509
299	-109.423
300	-108
301	-106.574
302	-104.475
303	-101.457
304	-98.4912
305	-96.5841
306	-95.5758
307	-95.0282
308	-94.6964
309	-94.4754
310	-94.3189
311	-94.2037
312	-94.116
313	-94.0473
314	-93.9915
315	-93.9442
316	-93.9023
317	-93.8628
318	-93.8235
319	-93.7818
320	-93.7352
321	-93.6806
322	-93.6141
323	-93.5307
324	-93.4232
325	-93.2813
326	-93.0897
327	-92.8236
328	-92.4395
329	-91.8486
329	59.6639
330	59.6639
331	60.3007
332	62.3763
333	65.934
334	69.5855
334	-23.6875
335	-23.6875
336	-33.3014
337	-31.3664
338	-30.2304
339	-29.4945
340	-28.9862
341	-28.6202
342	-28.3478
343	-28.1377
344	-27.9685
345	-27.8238
346	-27.6906
347	-27.5569
348	-27.41
349	-27.2354
350	-27.0137
351	-26.7163
352	-26.2956
353	-25.6588
354	-24.5971
355	-22.6235
356	-18.8655
357	-13.0089
358	-7.02509
359	-2.84933
360	4.25351e-08
360	74.6678
Phase Voltage va
0	108
0	220
1	220
1	12.4007
2	12.4007
3	127.641
4	136.542
5	142.27
6	145.302
7	146.953
8	147.96
9	148.637
10	149.125
11	149.494
12	149.787
13	150.032
14	150.251
15	150.459
16	150.673
17	150.909
18	151.186
19	151.528
20	151.97
21	152.566
22	153.407
23	154.674
24	156.786
25	160.719
26	168.227
27	179.916
28	191.73
29	199.656
29	216
30	216
31	216
32	216
33	216
34	216
34	216
35	216
36	216
37	216
38	216
39	216
40	216
41	216
42	216
43	216
44	216
45	216
46	216
47	216
48	216
49	216
50	216
51	216
52	216
53	216
54	216
55	216
56	216
57	216
58	216
59	216
60	216
61	216
62	216
63	216
64	216
65	216
66	216
67	216
68	216
69	216
70	216
71	216
72	216
73	216
74	216
75	216
76	216
77	216
78	216
79	216
80	216
81	216
82	216
83	216
84	216
85	216
86	216
87	216
88	216
89	216
89	-4
90	-4
91	-4
92	-4
93	-4
94	-4
94	139.061
95	139.061
96	155.491
97	153.459
98	152.25
99	151.458
100	150.905
101	150.504
102	150.201
103	149.963
104	149.767
105	149.593
106	149.426
107	149.25
108	149.049
109	148.801
110	148.48
111	148.043
112	147.419
113	146.469
114	144.881
115	141.924
116	136.29
117	127.508
118	118.534
119	112.272
120	108
121	103.718
122	97.4172
123	88.3586
124	79.4575
125	73.7303
126	70.6984
127	69.0466
128	68.0399
129	67.3627
130	66.8752
131	66.5061
132	66.2131
133	65.9679
134	65.7495
135	65.5411
136	65.3271
137	65.0911
138	64.8143
139	64.472
140	64.0297
141	63.4341
142	62.5936
143	61.3258
144	59.2142
145	55.2813
146	47.7733
147	36.0848
148	24.27
149	16.3444
149	-220
150	-220
151	-220
152	-220
153	-220
154	-220
154	-76.745
155	-76.745
156	-60.5086
157	-62.5411
158	-63.7502
159	-64.5422
160	-65.0945
161	-65.4961
162	-65.7989
163	-66.0366
164	-66.2332
165	-66.4071
166	-66.5743
167	-66.7501
168	-66.9513
169	-67.1985
170	-67.5197
171	-67.9569
172	-68.581
173	-69.5306
174	-71.1188
175	-74.0757
176	-79.7099
177	-88.4923
178	-97.466
179	-103.728
180	-108
181	-112.282
182	-118.583
183	-127.641
184	-136.542
185	-142.27
186	-145.302
187	-146.953
188	-147.96
189	-148.637
190	-149.125
191	-149.494
192	-149.787
193	-150.032
194	-150.25
195	-150.459
196	-150.673
197	-150.909
198	-151.186
199	-151.528
200	-151.97
201	-152.566
202	-153.406
203	-154.674
204	-156.786
205	-160.719
206	-168.227
207	-179.915
208	-191.73
209	-199.656
209	-216
210	-216
211	-216
212	-216
213	-216
214	-216
214	-216
215	-216
216	-216
217	-216
218	-216
219	-216
220	-216
221	-216
222	-216
223	-216
224	-216
225	-216
226	-216
227	-216
228	-216
229	-216
230	-216
231	-216
232	-216
233	-216
234	-216
235	-216
236	-216
237	-216
238	-216
239	-216
240	-216
241	-216
242	-216
243	-216
244	-216
245	-216
246	-216
247	-216
248	-216
249	-216
250	-216
251	-216
252	-216
253	-216
254	-216
255	-216
256	-216
257	-216
258	-216
259	-216
260	-216
261	-216
262	-216
263	-216
264	-216
265	-216
266	-216
267	-216
268	-216
269	-216
269	4
270	4
271	4
272	4
273	4
274	4
274	-139.351
275	-139.351
276	-155.491
277	-153.459
278	-152.25
279	-151.458
280	-150.906
281	-150.504
282	-150.201
283	-149.963
284	-149.767
285	-149.593
286	-149.426
287	-149.25
288	-149.049
289	-148.802
290	-148.48
291	-148.043
292	-147.419
293	-146.469
294	-144.881
295	-141.924
296	-136.29
297	-127.508
298	-118.534
299	-112.272
300	-108
301	-103.718
302	-97.4172
303	-88.3586
304	-79.4575
305	-73.7303
306	-70.6984
307	-69.0466
308	-68.0399
309	-67.3627
310	-66.8752
311	-66.5061
312	-66.2131
313	-65.9679
314	-65.7495
315	-65.5412
316	-65.3271
317	-65.0911
318	-64.8143
319	-64.472
320	-64.0297
321	-63.4341
322	-62.5936
323	-61.3258
324	-59.2143
325	-55.2813
326	-47.7734
327	-36.0848
328	-24.27
329	-16.3445
329	220
330	220
331	220
332	220
333	220
334	220
334	76.6402
335	76.6402
336	60.5085
337	62.541
338	63.7501
339	64.5421
340	65.0944
341	65.496
342	65.7989
343	66.0366
344	66.2331
345	66.4071
346	66.5743
347	66.7501
348	66.9513
349	67.1984
350	67.5196
351	67.9569
352	68.5809
353	69.5305
354	71.1188
355	74.0757
356	79.7098
357	88.4923
358	97.466
359	103.728
360	108
360	220
Line Voltage vab
