Output Torque vs Speed
n (rpm)
(N.m)
0	32.478697
54.664	32.490847
109.328	32.494304
163.992	32.361133
218.656	32.197027
273.32	32.005318
327.984	31.789026
382.648	31.552929
437.312	31.293068
491.976	31.013397
546.64	30.709010
601.304	30.381315
655.968	30.027782
710.632	29.648684
765.296	29.236073
819.96	28.787158
874.624	28.294357
929.288	27.749582
983.952	27.148482
1038.62	26.484104
1093.28	25.741177
1147.94	24.900779
1202.61	23.913416
1257.27	22.769326
1311.94	21.488279
1366.6	20.111683
1421.26	18.689943
1475.93	17.296208
1530.59	15.962864
1585.26	14.681967
1639.92	13.456369
1694.58	12.286140
1749.25	11.170413
1803.91	10.105596
1858.58	9.090092
1913.24	8.119270
1967.9	7.191578
2022.57	6.302808
2077.23	5.450026
2131.9	4.630951
2186.56	3.842074
2241.22	3.082022
2295.89	2.351000
2350.55	1.640930
2405.22	0.961863
2459.88	0.304171
2487.47	0.000000
Output Torque
