Induced Winding Voltages at Rated Speed
Electric Degree
(Volts)
0	0.000000
1	2.874513
2	7.095343
3	13.153521
4	19.095000
5	22.921149
6	24.943965
7	26.043843
8	26.712831
9	27.162227
10	27.485832
11	27.731798
12	27.928977
13	28.096992
14	28.250748
15	28.402941
16	28.565846
17	28.752921
18	28.980656
19	29.271132
20	29.656254
21	30.186017
22	30.947825
23	32.118152
24	34.104730
25	37.870727
26	45.145842
27	56.504653
28	67.862887
29	75.136236
30	78.899170
31	80.881198
32	82.045205
33	82.798525
34	83.317092
35	83.687575
36	83.958992
37	84.161927
38	84.316679
39	84.437298
40	84.533869
41	84.613919
42	84.683351
43	84.747097
44	84.809626
45	84.875391
46	84.949292
47	85.037238
48	85.146914
49	85.288975
50	85.479101
51	85.742097
52	86.121521
53	86.705504
54	87.697832
55	89.580024
56	93.216879
57	98.895641
58	104.574134
59	108.210167
60	110.090937
61	111.081156
62	111.662220
63	112.037741
64	112.295616
65	112.479097
66	112.612585
67	112.711239
68	112.785034
69	112.840770
70	112.883201
71	112.915709
72	112.940743
73	112.960102
74	112.975121
75	112.986803
76	112.995907
77	113.003012
78	113.008563
79	113.012902
80	113.016292
81	113.018939
82	113.021002
83	113.022604
84	113.023840
85	113.024783
86	113.025488
87	113.025998
88	113.026342
89	113.026541
90	113.026607
91	113.026541
92	113.026342
93	113.025998
94	113.025488
95	113.024783
96	113.023840
97	113.022604
98	113.021002
99	113.018939
100	113.016292
101	113.012902
102	113.008563
103	113.003012
104	112.995907
105	112.986803
106	112.975121
107	112.960102
108	112.940743
109	112.915709
110	112.883201
111	112.840770
112	112.785034
113	112.711239
114	112.612585
115	112.479097
116	112.295616
117	112.037741
118	111.662220
119	111.081156
120	110.090937
121	108.210167
122	104.574134
123	98.895641
124	93.216879
125	89.580024
126	87.697832
127	86.705504
128	86.121521
129	85.742097
130	85.479101
131	85.288975
132	85.146914
133	85.037238
134	84.949292
135	84.875391
136	84.809626
137	84.747097
138	84.683351
139	84.613919
140	84.533869
141	84.437298
142	84.316679
143	84.161927
144	83.958992
145	83.687575
146	83.317092
147	82.798525
148	82.045205
149	80.881198
150	78.899170
151	75.136236
152	67.862887
153	56.504653
154	45.145842
155	37.870727
156	34.104730
157	32.118152
158	30.947825
159	30.186017
160	29.656254
161	29.271132
162	28.980656
163	28.752921
164	28.565846
165	28.402941
166	28.250748
167	28.096992
168	27.928977
169	27.731798
170	27.485832
171	27.162227
172	26.712831
173	26.043843
174	24.943965
175	22.921149
176	19.095000
177	13.153521
178	7.095343
179	2.874513
180	0.000000
181	-2.874513
182	-7.095343
183	-13.153521
184	-19.095000
185	-22.921149
186	-24.943965
187	-26.043843
188	-26.712831
189	-27.162227
190	-27.485832
191	-27.731798
192	-27.928977
193	-28.096992
194	-28.250748
195	-28.402941
196	-28.565846
197	-28.752921
198	-28.980656
199	-29.271132
200	-29.656254
201	-30.186017
202	-30.947825
203	-32.118152
204	-34.104730
205	-37.870727
206	-45.145842
207	-56.504653
208	-67.862887
209	-75.136236
210	-78.899170
211	-80.881198
212	-82.045205
213	-82.798525
214	-83.317092
215	-83.687575
216	-83.958992
217	-84.161927
218	-84.316679
219	-84.437298
220	-84.533869
221	-84.613919
222	-84.683351
223	-84.747097
224	-84.809626
225	-84.875391
226	-84.949292
227	-85.037238
228	-85.146914
229	-85.288975
230	-85.479101
231	-85.742097
232	-86.121521
233	-86.705504
234	-87.697832
235	-89.580024
236	-93.216879
237	-98.895641
238	-104.574134
239	-108.210167
240	-110.090937
241	-111.081156
242	-111.662220
243	-112.037741
244	-112.295616
245	-112.479097
246	-112.612585
247	-112.711239
248	-112.785034
249	-112.840770
250	-112.883201
251	-112.915709
252	-112.940743
253	-112.960102
254	-112.975121
255	-112.986803
256	-112.995907
257	-113.003012
258	-113.008563
259	-113.012902
260	-113.016292
261	-113.018939
262	-113.021002
263	-113.022604
264	-113.023840
265	-113.024783
266	-113.025488
267	-113.025998
268	-113.026342
269	-113.026541
270	-113.026607
271	-113.026541
272	-113.026342
273	-113.025998
274	-113.025488
275	-113.024783
276	-113.023840
277	-113.022604
278	-113.021002
279	-113.018939
280	-113.016292
281	-113.012902
282	-113.008563
283	-113.003012
284	-112.995907
285	-112.986803
286	-112.975121
287	-112.960102
288	-112.940743
289	-112.915709
290	-112.883201
291	-112.840770
292	-112.785034
293	-112.711239
294	-112.612585
295	-112.479097
296	-112.295616
297	-112.037741
298	-111.662220
299	-111.081156
300	-110.090937
301	-108.210167
302	-104.574134
303	-98.895641
304	-93.216879
305	-89.580024
306	-87.697832
307	-86.705504
308	-86.121521
309	-85.742097
310	-85.479101
311	-85.288975
312	-85.146914
313	-85.037238
314	-84.949292
315	-84.875391
316	-84.809626
317	-84.747097
318	-84.683351
319	-84.613919
320	-84.533869
321	-84.437298
322	-84.316679
323	-84.161927
324	-83.958992
325	-83.687575
326	-83.317092
327	-82.798525
328	-82.045205
329	-80.881198
330	-78.899170
331	-75.136236
332	-67.862887
333	-56.504653
334	-45.145842
335	-37.870727
336	-34.104730
337	-32.118152
338	-30.947825
339	-30.186017
340	-29.656254
341	-29.271132
342	-28.980656
343	-28.752921
344	-28.565846
345	-28.402941
346	-28.250748
347	-28.096992
348	-27.928977
349	-27.731798
350	-27.485832
351	-27.162227
352	-26.712831
353	-26.043843
354	-24.943965
355	-22.921149
356	-19.095000
357	-13.153521
358	-7.095343
359	-2.874513
360	0.000000
Phase Voltage ea
0	110.090937
1	113.955669
2	118.757563
3	125.191262
4	131.390616
5	135.400246
6	137.556551
7	138.755082
8	139.497865
9	140.002997
10	140.369033
11	140.647506
12	140.869720
13	141.057094
14	141.225869
15	141.389744
16	141.561753
17	141.755934
18	141.989219
19	142.284034
20	142.672546
21	143.204957
22	143.968827
23	145.140756
24	147.128570
25	150.895510
26	158.171330
27	169.530651
28	180.889230
29	188.162777
30	191.925776
31	193.907739
32	195.071547
33	195.824523
34	196.342580
35	196.712358
36	196.982831
37	197.184531
38	197.337681
39	197.456237
40	197.550161
41	197.626821
42	197.691915
43	197.750110
44	197.805533
45	197.862193
46	197.924413
47	197.997340
48	198.087657
49	198.204683
50	198.362302
51	198.582867
52	198.906555
53	199.416743
54	200.310417
55	202.059121
56	205.512495
57	210.933382
58	216.236355
59	219.291323
60	220.181874
61	219.291323
62	216.236355
63	210.933382
64	205.512495
65	202.059121
66	200.310417
67	199.416743
68	198.906555
69	198.582867
70	198.362302
71	198.204683
72	198.087657
73	197.997340
74	197.924413
75	197.862193
76	197.805533
77	197.750110
78	197.691915
79	197.626821
80	197.550161
81	197.456237
82	197.337681
83	197.184531
84	196.982831
85	196.712358
86	196.342580
87	195.824523
88	195.071547
89	193.907739
90	191.925776
91	188.162777
92	180.889230
93	169.530651
94	158.171330
95	150.895510
96	147.128570
97	145.140756
98	143.968827
99	143.204957
100	142.672546
101	142.284034
102	141.989219
103	141.755934
104	141.561753
105	141.389744
106	141.225869
107	141.057094
108	140.869720
109	140.647506
110	140.369033
111	140.002997
112	139.497865
113	138.755082
114	137.556551
115	135.400246
116	131.390616
117	125.191262
118	118.757563
119	113.955669
120	110.090937
121	105.335654
122	97.478791
123	85.742120
124	74.121878
125	66.658876
126	62.753867
127	60.661662
128	59.408690
129	58.579871
130	57.993269
131	57.557177
132	57.217937
133	56.940246
134	56.698545
135	56.472450
136	56.243780
137	55.994176
138	55.702696
139	55.342787
140	54.877615
141	54.251281
142	53.368854
143	52.043775
144	49.854261
145	45.816848
146	38.171250
147	26.293872
148	14.182317
149	5.744962
150	0.000000
151	-5.744962
152	-14.182317
153	-26.293872
154	-38.171250
155	-45.816848
156	-49.854261
157	-52.043775
158	-53.368854
159	-54.251281
160	-54.877615
161	-55.342787
162	-55.702696
163	-55.994176
164	-56.243780
165	-56.472450
166	-56.698545
167	-56.940246
168	-57.217937
169	-57.557177
170	-57.993269
171	-58.579871
172	-59.408690
173	-60.661662
174	-62.753867
175	-66.658876
176	-74.121878
177	-85.742120
178	-97.478791
179	-105.335654
180	-110.090937
181	-113.955669
182	-118.757563
183	-125.191262
184	-131.390616
185	-135.400246
186	-137.556551
187	-138.755082
188	-139.497865
189	-140.002997
190	-140.369033
191	-140.647506
192	-140.869720
193	-141.057094
194	-141.225869
195	-141.389744
196	-141.561753
197	-141.755934
198	-141.989219
199	-142.284034
200	-142.672546
201	-143.204957
202	-143.968827
203	-145.140756
204	-147.128570
205	-150.895510
206	-158.171330
207	-169.530651
208	-180.889230
209	-188.162777
210	-191.925776
211	-193.907739
212	-195.071547
213	-195.824523
214	-196.342580
215	-196.712358
216	-196.982831
217	-197.184531
218	-197.337681
219	-197.456237
220	-197.550161
221	-197.626821
222	-197.691915
223	-197.750110
224	-197.805533
225	-197.862193
226	-197.924413
227	-197.997340
228	-198.087657
229	-198.204683
230	-198.362302
231	-198.582867
232	-198.906555
233	-199.416743
234	-200.310417
235	-202.059121
236	-205.512495
237	-210.933382
238	-216.236355
239	-219.291323
240	-220.181874
241	-219.291323
242	-216.236355
243	-210.933382
244	-205.512495
245	-202.059121
246	-200.310417
247	-199.416743
248	-198.906555
249	-198.582867
250	-198.362302
251	-198.204683
252	-198.087657
253	-197.997340
254	-197.924413
255	-197.862193
256	-197.805533
257	-197.750110
258	-197.691915
259	-197.626821
260	-197.550161
261	-197.456237
262	-197.337681
263	-197.184531
264	-196.982831
265	-196.712358
266	-196.342580
267	-195.824523
268	-195.071547
269	-193.907739
270	-191.925776
271	-188.162777
272	-180.889230
273	-169.530651
274	-158.171330
275	-150.895510
276	-147.128570
277	-145.140756
278	-143.968827
279	-143.204957
280	-142.672546
281	-142.284034
282	-141.989219
283	-141.755934
284	-141.561753
285	-141.389744
286	-141.225869
287	-141.057094
288	-140.869720
289	-140.647506
290	-140.369033
291	-140.002997
292	-139.497865
293	-138.755082
294	-137.556551
295	-135.400246
296	-131.390616
297	-125.191262
298	-118.757563
299	-113.955669
300	-110.090937
301	-105.335654
302	-97.478791
303	-85.742120
304	-74.121878
305	-66.658876
306	-62.753867
307	-60.661662
308	-59.408690
309	-58.579871
310	-57.993269
311	-57.557177
312	-57.217937
313	-56.940246
314	-56.698545
315	-56.472450
316	-56.243780
317	-55.994176
318	-55.702696
319	-55.342787
320	-54.877615
321	-54.251281
322	-53.368854
323	-52.043775
324	-49.854261
325	-45.816848
326	-38.171250
327	-26.293872
328	-14.182317
329	-5.744962
330	0.000000
331	5.744962
332	14.182317
333	26.293872
334	38.171250
335	45.816848
336	49.854261
337	52.043775
338	53.368854
339	54.251281
340	54.877615
341	55.342787
342	55.702696
343	55.994176
344	56.243780
345	56.472450
346	56.698545
347	56.940246
348	57.217937
349	57.557177
350	57.993269
351	58.579871
352	59.408690
353	60.661662
354	62.753867
355	66.658876
356	74.121878
357	85.742120
358	97.478791
359	105.335654
360	110.090937
Line Voltage eab
