Winding Voltages under Load 
Electric Degree
(Volts)
0	4.08456e-08
0	74.6678
1	74.6678
1	-63.6892
2	-63.6892
3	13.1406
4	19.0956
5	22.9292
6	24.9607
7	26.0698
8	26.7483
9	27.2075
10	27.5411
11	27.7973
12	28.0049
13	28.1836
14	28.3483
15	28.5116
16	28.686
17	28.885
18	29.1251
19	29.4286
20	29.8277
21	30.3727
22	31.1519
23	32.3433
24	34.3581
25	38.1681
26	45.5196
27	56.997
28	68.484
29	75.8576
29	160.407
30	160.407
31	159.758
32	157.666
33	154.086
33	142.663
34	142.663
35	93.6215
36	93.756
37	93.8536
38	93.9272
39	93.9836
40	94.0279
41	94.064
42	94.0947
43	94.1227
44	94.1503
45	94.1799
46	94.2143
47	94.2568
48	94.3116
49	94.3847
50	94.4848
51	94.6254
52	94.8298
53	95.144
54	95.6727
55	96.6597
56	98.5426
57	101.479
58	104.479
59	106.572
60	108
61	109.431
62	111.537
63	114.565
64	117.54
65	119.454
66	120.466
67	121.016
68	121.349
69	121.572
70	121.73
71	121.846
72	121.935
73	122.004
74	122.061
75	122.109
76	122.152
77	122.193
78	122.233
79	122.276
80	122.323
81	122.379
82	122.447
83	122.531
84	122.64
85	122.784
86	122.977
87	123.245
88	123.632
89	124.227
89	55.5927
90	55.5927
91	56.242
92	58.3341
93	61.9142
93	73.5186
94	73.5186
95	122.379
96	122.244
97	122.147
98	122.073
99	122.017
100	121.972
101	121.936
102	121.905
103	121.877
104	121.85
105	121.82
106	121.786
107	121.743
108	121.689
109	121.615
110	121.515
111	121.375
112	121.17
113	120.856
114	120.327
115	119.34
116	117.457
117	114.521
118	111.521
119	109.428
120	108
121	106.569
122	104.463
123	101.435
124	98.4603
125	96.5464
126	95.5343
127	94.9842
128	94.6505
129	94.4281
130	94.2704
131	94.154
132	94.0653
133	93.9956
134	93.9387
135	93.8905
136	93.8476
137	93.8072
138	93.7669
139	93.7242
140	93.6765
141	93.6208
142	93.5532
143	93.4686
144	93.3597
145	93.2163
146	93.0229
147	92.7547
148	92.3678
149	91.7731
149	-59.5927
150	-59.5927
151	-60.242
152	-62.3341
153	-65.9142
153	-53.5657
154	-53.5657
155	37.1222
156	33.4284
157	31.4866
158	30.3459
159	29.6067
160	29.0961
161	28.7284
162	28.4545
163	28.2432
164	28.0728
165	27.9271
166	27.7929
167	27.6582
168	27.5102
169	27.3344
170	27.1113
171	26.8122
172	26.3894
173	25.7498
174	24.6837
175	22.7026
176	18.931
177	13.0537
178	7.04913
179	2.85901
180	-4.08456e-08
181	-2.86552
182	-7.08098
183	-13.1411
184	-19.0956
185	-22.9292
186	-24.9607
187	-26.0698
188	-26.7483
189	-27.2075
190	-27.5411
191	-27.7973
192	-28.0049
193	-28.1835
194	-28.3482
195	-28.5116
196	-28.6859
197	-28.8849
198	-29.125
199	-29.4285
200	-29.8275
201	-30.3726
202	-31.1518
203	-32.3431
204	-34.3579
205	-38.1678
206	-45.5193
207	-56.9966
208	-68.4835
209	-75.857
209	-160.407
210	-160.407
211	-159.758
212	-157.666
213	-154.086
213	-142.391
214	-142.391
215	-93.6213
216	-93.7557
217	-93.8534
218	-93.927
219	-93.9834
220	-94.0278
221	-94.0638
222	-94.0945
223	-94.1225
224	-94.1501
225	-94.1798
226	-94.2142
227	-94.2566
228	-94.3114
229	-94.3846
230	-94.4847
231	-94.6253
232	-94.8296
233	-95.1439
234	-95.6726
235	-96.6596
236	-98.5426
237	-101.479
238	-104.479
239	-106.572
240	-108
241	-109.431
242	-111.537
243	-114.565
244	-117.54
245	-119.454
246	-120.466
247	-121.016
248	-121.349
249	-121.572
250	-121.73
251	-121.846
252	-121.935
253	-122.004
254	-122.061
255	-122.109
256	-122.152
257	-122.193
258	-122.233
259	-122.276
260	-122.323
261	-122.379
262	-122.447
263	-122.531
264	-122.64
265	-122.784
266	-122.977
267	-123.245
268	-123.632
269	-124.227
269	-55.5927
270	-55.5927
271	-56.2421
272	-58.3342
273	-61.9143
273	-73.6174
274	-73.6174
275	-122.379
276	-122.244
277	-122.147
278	-122.073
279	-122.017
280	-121.972
281	-121.936
282	-121.905
283	-121.878
284	-121.85
285	-121.82
286	-121.786
287	-121.743
288	-121.689
289	-121.615
290	-121.515
291	-121.375
292	-121.17
293	-120.856
294	-120.327
295	-119.34
296	-117.457
297	-114.521
298	-111.521
299	-109.428
300	-108
301	-106.569
302	-104.463
303	-101.435
304	-98.4603
305	-96.5464
306	-95.5343
307	-94.9842
308	-94.6505
309	-94.4281
310	-94.2704
311	-94.154
312	-94.0653
313	-93.9956
314	-93.9388
315	-93.8905
316	-93.8476
317	-93.8072
318	-93.7669
319	-93.7242
320	-93.6765
321	-93.6209
322	-93.5533
323	-93.4686
324	-93.3597
325	-93.2163
326	-93.0229
327	-92.7547
328	-92.3678
329	-91.7732
329	59.5927
330	59.5927
331	60.2421
332	62.3342
333	65.9143
333	53.4938
334	53.4938
335	-37.1223
336	-33.4285
337	-31.4866
338	-30.346
339	-29.6068
340	-29.0962
341	-28.7284
342	-28.4545
343	-28.2432
344	-28.0728
345	-27.9272
346	-27.793
347	-27.6582
348	-27.5103
349	-27.3345
350	-27.1113
351	-26.8122
352	-26.3894
353	-25.7498
354	-24.6837
355	-22.7026
356	-18.931
357	-13.0538
358	-7.04913
359	-2.85901
360	4.08456e-08
360	74.6678
Phase Voltage va
0	108
0	220
1	220
1	12.4626
2	12.4626
3	127.705
4	136.635
5	142.383
6	145.426
7	147.086
8	148.098
9	148.779
10	149.271
11	149.643
12	149.94
13	150.188
14	150.41
15	150.621
16	150.838
17	151.078
18	151.358
19	151.704
20	152.151
21	152.752
22	153.599
23	154.875
24	156.998
25	160.952
26	168.497
27	180.242
28	192.116
29	200.085
29	216
30	216
31	216
32	216
33	216
33	216
34	216
35	216
36	216
37	216
38	216
39	216
40	216
41	216
42	216
43	216
44	216
45	216
46	216
47	216
48	216
49	216
50	216
51	216
52	216
53	216
54	216
55	216
56	216
57	216
58	216
59	216
60	216
61	216
62	216
63	216
64	216
65	216
66	216
67	216
68	216
69	216
70	216
71	216
72	216
73	216
74	216
75	216
76	216
77	216
78	216
79	216
80	216
81	216
82	216
83	216
84	216
85	216
86	216
87	216
88	216
89	216
89	-4
90	-4
91	-4
92	-4
93	-4
93	19.8209
94	19.8209
95	159.501
96	155.673
97	153.633
98	152.419
99	151.623
100	151.068
101	150.664
102	150.36
103	150.121
104	149.923
105	149.747
106	149.579
107	149.401
108	149.199
109	148.95
110	148.627
111	148.187
112	147.56
113	146.606
114	145.011
115	142.043
116	136.388
117	127.575
118	118.57
119	112.287
120	108
121	103.703
122	97.3822
123	88.2941
124	79.3647
125	73.6173
126	70.5735
127	68.9144
128	67.9022
129	67.2206
130	66.7293
131	66.3567
132	66.0604
133	65.812
134	65.5905
135	65.379
136	65.1617
137	64.9223
138	64.6419
139	64.2957
140	63.849
141	63.2482
142	62.4015
143	61.1255
144	59.0018
145	55.0485
146	47.5036
147	35.7581
148	23.8842
149	15.9161
149	-220
150	-220
151	-220
152	-220
153	-220
153	-195.981
154	-195.981
155	-56.4991
156	-60.3273
157	-62.3669
158	-63.5811
159	-64.3767
160	-64.9316
161	-65.3354
162	-65.64
163	-65.8793
164	-66.0773
165	-66.2527
166	-66.4212
167	-66.5985
168	-66.8012
169	-67.0501
170	-67.3734
171	-67.8131
172	-68.4403
173	-69.3941
174	-70.9889
175	-73.9571
176	-79.6116
177	-88.4251
178	-97.4299
179	-103.713
180	-108
181	-112.297
182	-118.618
183	-127.706
184	-136.635
185	-142.383
186	-145.426
187	-147.086
188	-148.098
189	-148.779
190	-149.271
191	-149.643
192	-149.94
193	-150.188
194	-150.409
195	-150.621
196	-150.838
197	-151.078
198	-151.358
199	-151.704
200	-152.151
201	-152.752
202	-153.599
203	-154.875
204	-156.998
205	-160.952
206	-168.496
207	-180.242
208	-192.116
209	-200.084
209	-216
210	-216
211	-216
212	-216
213	-216
213	-216
214	-216
215	-216
216	-216
217	-216
218	-216
219	-216
220	-216
221	-216
222	-216
223	-216
224	-216
225	-216
226	-216
227	-216
228	-216
229	-216
230	-216
231	-216
232	-216
233	-216
234	-216
235	-216
236	-216
237	-216
238	-216
239	-216
240	-216
241	-216
242	-216
243	-216
244	-216
245	-216
246	-216
247	-216
248	-216
249	-216
250	-216
251	-216
252	-216
253	-216
254	-216
255	-216
256	-216
257	-216
258	-216
259	-216
260	-216
261	-216
262	-216
263	-216
264	-216
265	-216
266	-216
267	-216
268	-216
269	-216
269	4
270	4
271	4
272	4
273	4
273	-20.1172
274	-20.1172
275	-159.501
276	-155.673
277	-153.633
278	-152.419
279	-151.623
280	-151.068
281	-150.665
282	-150.36
283	-150.121
284	-149.923
285	-149.747
286	-149.579
287	-149.402
288	-149.199
289	-148.95
290	-148.627
291	-148.187
292	-147.56
293	-146.606
294	-145.011
295	-142.043
296	-136.388
297	-127.575
298	-118.57
299	-112.287
300	-108
301	-103.703
302	-97.3822
303	-88.2941
304	-79.3647
305	-73.6173
306	-70.5735
307	-68.9144
308	-67.9022
309	-67.2206
310	-66.7293
311	-66.3568
312	-66.0604
313	-65.812
314	-65.5906
315	-65.379
316	-65.1617
317	-64.9223
318	-64.6419
319	-64.2957
320	-63.849
321	-63.2483
322	-62.4015
323	-61.1255
324	-59.0019
325	-55.0485
326	-47.5036
327	-35.7581
328	-23.8843
329	-15.9162
329	220
330	220
331	220
332	220
333	220
333	195.873
334	195.873
335	56.499
336	60.3272
337	62.3668
338	63.581
339	64.3766
340	64.9316
341	65.3354
342	65.64
343	65.8793
344	66.0773
345	66.2526
346	66.4212
347	66.5984
348	66.8012
349	67.0501
350	67.3733
351	67.813
352	68.4402
353	69.3941
354	70.9889
355	73.9571
356	79.6116
357	88.425
358	97.4299
359	103.713
360	108
360	220
Line Voltage vab
