Cogging Torque in Two Teeth
Electric Degree
(N.m)
0	0.026173
1	0.077786
2	0.128539
3	0.178490
4	0.227117
5	0.274436
6	0.320502
7	0.363971
8	0.404572
9	0.442379
10	0.477112
11	0.508645
12	0.536997
13	0.561296
14	0.581480
15	0.597759
16	0.610128
17	0.618459
18	0.622764
19	0.622990
20	0.619322
21	0.612066
22	0.601279
23	0.586965
24	0.569374
25	0.549240
26	0.526812
27	0.502417
28	0.476378
29	0.448905
30	0.420452
31	0.392041
32	0.363844
33	0.335982
34	0.308860
35	0.282623
36	0.257445
37	0.234039
38	0.212386
39	0.192306
40	0.173916
41	0.157108
42	0.141681
43	0.127916
44	0.115666
45	0.104679
46	0.094915
47	0.086217
48	0.078356
49	0.071421
50	0.065292
51	0.059804
52	0.054920
53	0.050546
54	0.046555
55	0.042992
56	0.039795
57	0.036884
58	0.034244
59	0.031830
60	0.029584
61	0.027539
62	0.025664
63	0.023923
64	0.022311
65	0.020807
66	0.019381
67	0.018060
68	0.016828
69	0.015663
70	0.014568
71	0.013527
72	0.012527
73	0.011586
74	0.010695
75	0.009841
76	0.009025
77	0.008238
78	0.007470
79	0.006737
80	0.006032
81	0.005346
82	0.004679
83	0.004025
84	0.003376
85	0.002746
86	0.002129
87	0.001517
88	0.000912
89	0.000306
90	-0.000306
91	-0.000912
92	-0.001517
93	-0.002129
94	-0.002746
95	-0.003376
96	-0.004025
97	-0.004679
98	-0.005346
99	-0.006032
100	-0.006737
101	-0.007470
102	-0.008238
103	-0.009025
104	-0.009841
105	-0.010695
106	-0.011586
107	-0.012527
108	-0.013527
109	-0.014568
110	-0.015663
111	-0.016828
112	-0.018060
113	-0.019381
114	-0.020807
115	-0.022311
116	-0.023923
117	-0.025664
118	-0.027539
119	-0.029584
120	-0.031830
121	-0.034244
122	-0.036884
123	-0.039795
124	-0.042992
125	-0.046555
126	-0.050546
127	-0.054920
128	-0.059804
129	-0.065292
130	-0.071421
131	-0.078356
132	-0.086217
133	-0.094915
134	-0.104679
135	-0.115666
136	-0.127916
137	-0.141681
138	-0.157108
139	-0.173916
140	-0.192306
141	-0.212386
142	-0.234039
143	-0.257445
144	-0.282623
145	-0.308860
146	-0.335982
147	-0.363844
148	-0.392041
149	-0.420452
150	-0.448905
151	-0.476378
152	-0.502417
153	-0.526812
154	-0.549240
155	-0.569374
156	-0.586965
157	-0.601279
158	-0.612066
159	-0.619322
160	-0.622990
161	-0.622764
162	-0.618459
163	-0.610128
164	-0.597759
165	-0.581480
166	-0.561296
167	-0.536997
168	-0.508645
169	-0.477112
170	-0.442379
171	-0.404572
172	-0.363971
173	-0.320502
174	-0.274436
175	-0.227117
176	-0.178490
177	-0.128539
178	-0.077786
179	-0.026173
180	0.026173
181	0.077786
182	0.128539
183	0.178490
184	0.227117
185	0.274436
186	0.320502
187	0.363971
188	0.404572
189	0.442379
190	0.477112
191	0.508645
192	0.536997
193	0.561296
194	0.581480
195	0.597759
196	0.610128
197	0.618459
198	0.622764
199	0.622990
200	0.619322
201	0.612066
202	0.601279
203	0.586965
204	0.569374
205	0.549240
206	0.526812
207	0.502417
208	0.476378
209	0.448905
210	0.420452
211	0.392041
212	0.363844
213	0.335982
214	0.308860
215	0.282623
216	0.257445
217	0.234039
218	0.212386
219	0.192306
220	0.173916
221	0.157108
222	0.141681
223	0.127916
224	0.115666
225	0.104679
226	0.094915
227	0.086217
228	0.078356
229	0.071421
230	0.065292
231	0.059804
232	0.054920
233	0.050546
234	0.046555
235	0.042992
236	0.039795
237	0.036884
238	0.034244
239	0.031830
240	0.029584
241	0.027539
242	0.025664
243	0.023923
244	0.022311
245	0.020807
246	0.019381
247	0.018060
248	0.016828
249	0.015663
250	0.014568
251	0.013527
252	0.012527
253	0.011586
254	0.010695
255	0.009841
256	0.009025
257	0.008238
258	0.007470
259	0.006737
260	0.006032
261	0.005346
262	0.004679
263	0.004025
264	0.003376
265	0.002746
266	0.002129
267	0.001517
268	0.000912
269	0.000306
270	-0.000306
271	-0.000912
272	-0.001517
273	-0.002129
274	-0.002746
275	-0.003376
276	-0.004025
277	-0.004679
278	-0.005346
279	-0.006032
280	-0.006737
281	-0.007470
282	-0.008238
283	-0.009025
284	-0.009841
285	-0.010695
286	-0.011586
287	-0.012527
288	-0.013527
289	-0.014568
290	-0.015663
291	-0.016828
292	-0.018060
293	-0.019381
294	-0.020807
295	-0.022311
296	-0.023923
297	-0.025664
298	-0.027539
299	-0.029584
300	-0.031830
301	-0.034244
302	-0.036884
303	-0.039795
304	-0.042992
305	-0.046555
306	-0.050546
307	-0.054920
308	-0.059804
309	-0.065292
310	-0.071421
311	-0.078356
312	-0.086217
313	-0.094915
314	-0.104679
315	-0.115666
316	-0.127916
317	-0.141681
318	-0.157108
319	-0.173916
320	-0.192306
321	-0.212386
322	-0.234039
323	-0.257445
324	-0.282623
325	-0.308860
326	-0.335982
327	-0.363844
328	-0.392041
329	-0.420452
330	-0.448905
331	-0.476378
332	-0.502417
333	-0.526812
334	-0.549240
335	-0.569374
336	-0.586965
337	-0.601279
338	-0.612066
339	-0.619322
340	-0.622990
341	-0.622764
342	-0.618459
343	-0.610128
344	-0.597759
345	-0.581480
346	-0.561296
347	-0.536997
348	-0.508645
349	-0.477112
350	-0.442379
351	-0.404572
352	-0.363971
353	-0.320502
354	-0.274436
355	-0.227117
356	-0.178490
357	-0.128539
358	-0.077786
359	-0.026173
360	0.026173
Cogging Torque
