Induced Winding Voltages at Rated Speed
Electric Degree
(Volts)
0	0.000000
1	2.862471
2	7.065620
3	13.098420
4	19.015011
5	22.825131
6	24.839474
7	25.934744
8	26.600930
9	27.048443
10	27.370693
11	27.615628
12	27.811981
13	27.979293
14	28.132404
15	28.283960
16	28.446183
17	28.632474
18	28.859255
19	29.148514
20	29.532023
21	30.059567
22	30.818183
23	31.983608
24	33.961864
25	37.712086
26	44.956725
27	56.267953
28	67.578608
29	74.821488
30	78.568658
31	80.542384
32	81.701515
33	82.451680
34	82.968074
35	83.337005
36	83.607285
37	83.809370
38	83.963473
39	84.083587
40	84.179753
41	84.259469
42	84.328610
43	84.392089
44	84.454356
45	84.519845
46	84.593437
47	84.681014
48	84.790230
49	84.931696
50	85.121027
51	85.382921
52	85.760755
53	86.342292
54	87.330463
55	89.204771
56	92.826390
57	98.481364
58	104.136070
59	107.756871
60	109.629762
61	110.615833
62	111.194464
63	111.568411
64	111.825206
65	112.007918
66	112.140848
67	112.239088
68	112.312573
69	112.368077
70	112.410329
71	112.442701
72	112.467631
73	112.486908
74	112.501864
75	112.513497
76	112.522563
77	112.529639
78	112.535167
79	112.539487
80	112.542863
81	112.545499
82	112.547554
83	112.549149
84	112.550379
85	112.551318
86	112.552021
87	112.552528
88	112.552871
89	112.553069
90	112.553134
91	112.553069
92	112.552871
93	112.552528
94	112.552021
95	112.551318
96	112.550379
97	112.549149
98	112.547554
99	112.545499
100	112.542863
101	112.539487
102	112.535167
103	112.529639
104	112.522563
105	112.513497
106	112.501864
107	112.486908
108	112.467631
109	112.442701
110	112.410329
111	112.368077
112	112.312573
113	112.239088
114	112.140848
115	112.007918
116	111.825206
117	111.568411
118	111.194464
119	110.615833
120	109.629762
121	107.756871
122	104.136070
123	98.481364
124	92.826390
125	89.204771
126	87.330463
127	86.342292
128	85.760755
129	85.382921
130	85.121027
131	84.931696
132	84.790230
133	84.681014
134	84.593437
135	84.519845
136	84.454356
137	84.392089
138	84.328610
139	84.259469
140	84.179753
141	84.083587
142	83.963473
143	83.809370
144	83.607285
145	83.337005
146	82.968074
147	82.451680
148	81.701515
149	80.542384
150	78.568658
151	74.821488
152	67.578608
153	56.267953
154	44.956725
155	37.712086
156	33.961864
157	31.983608
158	30.818183
159	30.059567
160	29.532023
161	29.148514
162	28.859255
163	28.632474
164	28.446183
165	28.283960
166	28.132404
167	27.979293
168	27.811981
169	27.615628
170	27.370693
171	27.048443
172	26.600930
173	25.934744
174	24.839474
175	22.825131
176	19.015011
177	13.098420
178	7.065620
179	2.862471
180	0.000000
181	-2.862471
182	-7.065620
183	-13.098420
184	-19.015011
185	-22.825131
186	-24.839474
187	-25.934744
188	-26.600930
189	-27.048443
190	-27.370693
191	-27.615628
192	-27.811981
193	-27.979293
194	-28.132404
195	-28.283960
196	-28.446183
197	-28.632474
198	-28.859255
199	-29.148514
200	-29.532023
201	-30.059567
202	-30.818183
203	-31.983608
204	-33.961864
205	-37.712086
206	-44.956725
207	-56.267953
208	-67.578608
209	-74.821488
210	-78.568658
211	-80.542384
212	-81.701515
213	-82.451680
214	-82.968074
215	-83.337005
216	-83.607285
217	-83.809370
218	-83.963473
219	-84.083587
220	-84.179753
221	-84.259469
222	-84.328610
223	-84.392089
224	-84.454356
225	-84.519845
226	-84.593437
227	-84.681014
228	-84.790230
229	-84.931696
230	-85.121027
231	-85.382921
232	-85.760755
233	-86.342292
234	-87.330463
235	-89.204771
236	-92.826390
237	-98.481364
238	-104.136070
239	-107.756871
240	-109.629762
241	-110.615833
242	-111.194464
243	-111.568411
244	-111.825206
245	-112.007918
246	-112.140848
247	-112.239088
248	-112.312573
249	-112.368077
250	-112.410329
251	-112.442701
252	-112.467631
253	-112.486908
254	-112.501864
255	-112.513497
256	-112.522563
257	-112.529639
258	-112.535167
259	-112.539487
260	-112.542863
261	-112.545499
262	-112.547554
263	-112.549149
264	-112.550379
265	-112.551318
266	-112.552021
267	-112.552528
268	-112.552871
269	-112.553069
270	-112.553134
271	-112.553069
272	-112.552871
273	-112.552528
274	-112.552021
275	-112.551318
276	-112.550379
277	-112.549149
278	-112.547554
279	-112.545499
280	-112.542863
281	-112.539487
282	-112.535167
283	-112.529639
284	-112.522563
285	-112.513497
286	-112.501864
287	-112.486908
288	-112.467631
289	-112.442701
290	-112.410329
291	-112.368077
292	-112.312573
293	-112.239088
294	-112.140848
295	-112.007918
296	-111.825206
297	-111.568411
298	-111.194464
299	-110.615833
300	-109.629762
301	-107.756871
302	-104.136070
303	-98.481364
304	-92.826390
305	-89.204771
306	-87.330463
307	-86.342292
308	-85.760755
309	-85.382921
310	-85.121027
311	-84.931696
312	-84.790230
313	-84.681014
314	-84.593437
315	-84.519845
316	-84.454356
317	-84.392089
318	-84.328610
319	-84.259469
320	-84.179753
321	-84.083587
322	-83.963473
323	-83.809370
324	-83.607285
325	-83.337005
326	-82.968074
327	-82.451680
328	-81.701515
329	-80.542384
330	-78.568658
331	-74.821488
332	-67.578608
333	-56.267953
334	-44.956725
335	-37.712086
336	-33.961864
337	-31.983608
338	-30.818183
339	-30.059567
340	-29.532023
341	-29.148514
342	-28.859255
343	-28.632474
344	-28.446183
345	-28.283960
346	-28.132404
347	-27.979293
348	-27.811981
349	-27.615628
350	-27.370693
351	-27.048443
352	-26.600930
353	-25.934744
354	-24.839474
355	-22.825131
356	-19.015011
357	-13.098420
358	-7.065620
359	-2.862471
360	0.000000
Phase Voltage ea
0	109.629762
1	113.478305
2	118.260084
3	124.666831
4	130.840217
5	134.833050
6	136.980322
7	138.173832
8	138.913504
9	139.416520
10	139.781022
11	140.058329
12	140.279612
13	140.466201
14	140.634269
15	140.797458
16	140.968746
17	141.162113
18	141.394422
19	141.688001
20	142.074886
21	142.605066
22	143.365737
23	144.532757
24	146.512243
25	150.263404
26	157.508745
27	168.820482
28	180.131479
29	187.374557
30	191.121793
31	193.095453
32	194.254386
33	195.004208
34	195.520094
35	195.888323
36	196.157664
37	196.358518
38	196.511027
39	196.629087
40	196.722617
41	196.798956
42	196.863777
43	196.921728
44	196.976919
45	197.033342
46	197.095301
47	197.167923
48	197.257861
49	197.374397
50	197.531356
51	197.750997
52	198.073329
53	198.581380
54	199.471311
55	201.212689
56	204.651596
57	210.049775
58	215.330533
59	218.372705
60	219.259525
61	218.372705
62	215.330533
63	210.049775
64	204.651596
65	201.212689
66	199.471311
67	198.581380
68	198.073329
69	197.750997
70	197.531356
71	197.374397
72	197.257861
73	197.167923
74	197.095301
75	197.033342
76	196.976919
77	196.921728
78	196.863777
79	196.798956
80	196.722617
81	196.629087
82	196.511027
83	196.358518
84	196.157664
85	195.888323
86	195.520094
87	195.004208
88	194.254386
89	193.095453
90	191.121793
91	187.374557
92	180.131479
93	168.820482
94	157.508745
95	150.263404
96	146.512243
97	144.532757
98	143.365737
99	142.605066
100	142.074886
101	141.688001
102	141.394422
103	141.162113
104	140.968746
105	140.797458
106	140.634269
107	140.466201
108	140.279612
109	140.058329
110	139.781022
111	139.416520
112	138.913504
113	138.173832
114	136.980322
115	134.833050
116	130.840217
117	124.666831
118	118.260084
119	113.478305
120	109.629762
121	104.894400
122	97.070449
123	85.382943
124	73.811379
125	66.379639
126	62.490989
127	60.407548
128	59.159825
129	58.334478
130	57.750334
131	57.316068
132	56.978249
133	56.701721
134	56.461033
135	56.235885
136	56.008173
137	55.759615
138	55.469355
139	55.110954
140	54.647731
141	54.024020
142	53.145290
143	51.825761
144	49.645420
145	45.624919
146	38.011349
147	26.183726
148	14.122907
149	5.720896
150	0.000000
151	-5.720896
152	-14.122907
153	-26.183726
154	-38.011349
155	-45.624919
156	-49.645420
157	-51.825761
158	-53.145290
159	-54.024020
160	-54.647731
161	-55.110954
162	-55.469355
163	-55.759615
164	-56.008173
165	-56.235885
166	-56.461033
167	-56.701721
168	-56.978249
169	-57.316068
170	-57.750334
171	-58.334478
172	-59.159825
173	-60.407548
174	-62.490989
175	-66.379639
176	-73.811379
177	-85.382943
178	-97.070449
179	-104.894400
180	-109.629762
181	-113.478305
182	-118.260084
183	-124.666831
184	-130.840217
185	-134.833050
186	-136.980322
187	-138.173832
188	-138.913504
189	-139.416520
190	-139.781022
191	-140.058329
192	-140.279612
193	-140.466201
194	-140.634269
195	-140.797458
196	-140.968746
197	-141.162113
198	-141.394422
199	-141.688001
200	-142.074886
201	-142.605066
202	-143.365737
203	-144.532757
204	-146.512243
205	-150.263404
206	-157.508745
207	-168.820482
208	-180.131479
209	-187.374557
210	-191.121793
211	-193.095453
212	-194.254386
213	-195.004208
214	-195.520094
215	-195.888323
216	-196.157664
217	-196.358518
218	-196.511027
219	-196.629087
220	-196.722617
221	-196.798956
222	-196.863777
223	-196.921728
224	-196.976919
225	-197.033342
226	-197.095301
227	-197.167923
228	-197.257861
229	-197.374397
230	-197.531356
231	-197.750997
232	-198.073329
233	-198.581380
234	-199.471311
235	-201.212689
236	-204.651596
237	-210.049775
238	-215.330533
239	-218.372705
240	-219.259525
241	-218.372705
242	-215.330533
243	-210.049775
244	-204.651596
245	-201.212689
246	-199.471311
247	-198.581380
248	-198.073329
249	-197.750997
250	-197.531356
251	-197.374397
252	-197.257861
253	-197.167923
254	-197.095301
255	-197.033342
256	-196.976919
257	-196.921728
258	-196.863777
259	-196.798956
260	-196.722617
261	-196.629087
262	-196.511027
263	-196.358518
264	-196.157664
265	-195.888323
266	-195.520094
267	-195.004208
268	-194.254386
269	-193.095453
270	-191.121793
271	-187.374557
272	-180.131479
273	-168.820482
274	-157.508745
275	-150.263404
276	-146.512243
277	-144.532757
278	-143.365737
279	-142.605066
280	-142.074886
281	-141.688001
282	-141.394422
283	-141.162113
284	-140.968746
285	-140.797458
286	-140.634269
287	-140.466201
288	-140.279612
289	-140.058329
290	-139.781022
291	-139.416520
292	-138.913504
293	-138.173832
294	-136.980322
295	-134.833050
296	-130.840217
297	-124.666831
298	-118.260084
299	-113.478305
300	-109.629762
301	-104.894400
302	-97.070449
303	-85.382943
304	-73.811379
305	-66.379639
306	-62.490989
307	-60.407548
308	-59.159825
309	-58.334478
310	-57.750334
311	-57.316068
312	-56.978249
313	-56.701721
314	-56.461033
315	-56.235885
316	-56.008173
317	-55.759615
318	-55.469355
319	-55.110954
320	-54.647731
321	-54.024020
322	-53.145290
323	-51.825761
324	-49.645420
325	-45.624919
326	-38.011349
327	-26.183726
328	-14.122907
329	-5.720896
330	0.000000
331	5.720896
332	14.122907
333	26.183726
334	38.011349
335	45.624919
336	49.645420
337	51.825761
338	53.145290
339	54.024020
340	54.647731
341	55.110954
342	55.469355
343	55.759615
344	56.008173
345	56.235885
346	56.461033
347	56.701721
348	56.978249
349	57.316068
350	57.750334
351	58.334478
352	59.159825
353	60.407548
354	62.490989
355	66.379639
356	73.811379
357	85.382943
358	97.070449
359	104.894400
360	109.629762
Line Voltage eab
