Winding Voltages under Load 
Electric Degree
(Volts)
0	4.29948e-08
0	74.6678
1	74.6678
1	-63.7443
2	-63.7443
3	13.0849
4	19.0154
5	22.8316
6	24.853
7	25.9558
8	26.6297
9	27.0852
10	27.4156
11	27.6689
12	27.8737
13	28.0497
14	28.2117
15	28.3723
16	28.5439
17	28.7399
18	28.9767
19	29.2766
20	29.6715
21	30.2115
22	30.9843
23	32.1668
24	34.1681
25	37.9541
26	45.261
27	56.6688
28	68.0844
29	75.4089
29	160.317
30	160.317
31	159.683
32	157.611
33	154.059
34	150.413
34	104.832
35	104.832
36	93.8249
37	93.9225
38	93.9955
39	94.0514
40	94.0953
41	94.1309
42	94.1613
43	94.1888
44	94.216
45	94.2453
46	94.2792
47	94.3211
48	94.3754
49	94.4478
50	94.5471
51	94.6867
52	94.8898
53	95.2023
54	95.7283
55	96.7105
56	98.5847
57	101.508
58	104.495
59	106.578
60	108
61	109.425
62	111.522
63	114.537
64	117.5
65	119.405
66	120.412
67	120.959
68	121.29
69	121.511
70	121.667
71	121.782
72	121.869
73	121.938
74	121.994
75	122.041
76	122.082
77	122.122
78	122.161
79	122.202
80	122.248
81	122.303
82	122.369
83	122.452
84	122.559
85	122.701
86	122.892
87	123.158
88	123.541
89	124.131
89	55.6831
90	55.6831
91	56.3171
92	58.3886
93	61.9415
94	65.5876
94	111.344
95	111.344
96	122.175
97	122.078
98	122.005
99	121.949
100	121.905
101	121.869
102	121.839
103	121.811
104	121.784
105	121.755
106	121.721
107	121.679
108	121.625
109	121.552
110	121.453
111	121.313
112	121.11
113	120.798
114	120.272
115	119.29
116	117.415
117	114.492
118	111.505
119	109.422
120	108
121	106.575
122	104.478
123	101.463
124	98.5004
125	96.5952
126	95.588
127	95.0411
128	94.7097
129	94.4891
130	94.333
131	94.218
132	94.1306
133	94.0621
134	94.0065
135	93.9595
136	93.9177
137	93.8785
138	93.8393
139	93.7979
140	93.7515
141	93.6972
142	93.631
143	93.5478
144	93.4407
145	93.2992
146	93.108
147	92.8424
148	92.459
149	91.8691
149	-59.6831
150	-59.6831
151	-60.3171
152	-62.3886
153	-65.9415
154	-69.5876
154	15.1574
155	15.1574
156	33.2666
157	31.3332
158	30.1986
159	29.4634
160	28.9558
161	28.5903
162	28.3182
163	28.1085
164	27.9394
165	27.795
166	27.6621
167	27.5286
168	27.382
169	27.2076
170	26.9862
171	26.6892
172	26.269
173	25.633
174	24.5724
175	22.6008
176	18.8467
177	12.996
178	7.01814
179	2.84652
180	-4.29947e-08
181	-2.85317
182	-7.05071
183	-13.0853
184	-19.0154
185	-22.8316
186	-24.853
187	-25.9558
188	-26.6297
189	-27.0852
190	-27.4156
191	-27.6688
192	-27.8737
193	-28.0497
194	-28.2116
195	-28.3723
196	-28.5439
197	-28.7398
198	-28.9767
199	-29.2765
200	-29.6714
201	-30.2114
202	-30.9842
203	-32.1667
204	-34.1679
205	-37.9539
206	-45.2608
207	-56.6685
208	-68.084
209	-75.4085
209	-160.317
210	-160.317
211	-159.683
212	-157.611
213	-154.059
214	-150.412
214	-104.568
215	-104.568
216	-93.8247
217	-93.9223
218	-93.9953
219	-94.0512
220	-94.0952
221	-94.1308
222	-94.1611
223	-94.1887
224	-94.2159
225	-94.2451
226	-94.2791
227	-94.321
228	-94.3753
229	-94.4477
230	-94.547
231	-94.6866
232	-94.8897
233	-95.2023
234	-95.7282
235	-96.7105
236	-98.5847
237	-101.508
238	-104.495
239	-106.578
240	-108
241	-109.425
242	-111.522
243	-114.537
244	-117.5
245	-119.405
246	-120.412
247	-120.959
248	-121.29
249	-121.511
250	-121.667
251	-121.782
252	-121.869
253	-121.938
254	-121.994
255	-122.041
256	-122.082
257	-122.122
258	-122.161
259	-122.202
260	-122.248
261	-122.303
262	-122.369
263	-122.452
264	-122.559
265	-122.701
266	-122.892
267	-123.158
268	-123.541
269	-124.131
269	-55.6831
270	-55.6831
271	-56.3171
272	-58.3886
273	-61.9415
274	-65.5876
274	-111.44
275	-111.44
276	-122.175
277	-122.078
278	-122.005
279	-121.949
280	-121.905
281	-121.869
282	-121.839
283	-121.811
284	-121.784
285	-121.755
286	-121.721
287	-121.679
288	-121.625
289	-121.552
290	-121.453
291	-121.313
292	-121.11
293	-120.798
294	-120.272
295	-119.29
296	-117.415
297	-114.492
298	-111.505
299	-109.422
300	-108
301	-106.575
302	-104.478
303	-101.463
304	-98.5004
305	-96.5952
306	-95.588
307	-95.0411
308	-94.7097
309	-94.4891
310	-94.333
311	-94.218
312	-94.1306
313	-94.0621
314	-94.0065
315	-93.9595
316	-93.9177
317	-93.8785
318	-93.8394
319	-93.7979
320	-93.7515
321	-93.6972
322	-93.631
323	-93.5479
324	-93.4407
325	-93.2992
326	-93.108
327	-92.8424
328	-92.459
329	-91.8691
329	59.6831
330	59.6831
331	60.3171
332	62.3886
333	65.9415
334	69.5876
334	-15.2269
335	-15.2269
336	-33.2667
337	-31.3333
338	-30.1986
339	-29.4635
340	-28.9558
341	-28.5903
342	-28.3183
343	-28.1085
344	-27.9395
345	-27.7951
346	-27.6621
347	-27.5286
348	-27.382
349	-27.2077
350	-26.9862
351	-26.6892
352	-26.269
353	-25.633
354	-24.5724
355	-22.6008
356	-18.8467
357	-12.996
358	-7.01814
359	-2.84653
360	4.29948e-08
360	74.6678
Phase Voltage va
0	108
0	220
1	220
1	12.38
2	12.38
3	127.622
4	136.515
5	142.236
6	145.265
7	146.915
8	147.92
9	148.596
10	149.083
11	149.451
12	149.743
13	149.988
14	150.205
15	150.413
16	150.626
17	150.861
18	151.137
19	151.479
20	151.92
21	152.514
22	153.353
23	154.619
24	156.727
25	160.655
26	168.153
27	179.826
28	191.625
29	199.54
29	216
30	216
31	216
32	216
33	216
34	216
34	216
35	216
36	216
37	216
38	216
39	216
40	216
41	216
42	216
43	216
44	216
45	216
46	216
47	216
48	216
49	216
50	216
51	216
52	216
53	216
54	216
55	216
56	216
57	216
58	216
59	216
60	216
61	216
62	216
63	216
64	216
65	216
66	216
67	216
68	216
69	216
70	216
71	216
72	216
73	216
74	216
75	216
76	216
77	216
78	216
79	216
80	216
81	216
82	216
83	216
84	216
85	216
86	216
87	216
88	216
89	216
89	-4
90	-4
91	-4
92	-4
93	-4
94	-4
94	126.374
95	126.374
96	155.442
97	153.411
98	152.203
99	151.412
100	150.86
101	150.459
102	150.157
103	149.92
104	149.723
105	149.55
106	149.383
107	149.207
108	149.007
109	148.76
110	148.439
111	148.002
112	147.379
113	146.431
114	144.844
115	141.89
116	136.262
117	127.488
118	118.524
119	112.268
120	108
121	103.722
122	97.4275
123	88.3777
124	79.485
125	73.7636
126	70.735
127	69.0853
128	68.08
129	67.4039
130	66.9174
131	66.5492
132	66.2569
133	66.0124
134	65.7948
135	65.5872
136	65.3739
137	65.1387
138	64.8627
139	64.5214
140	64.0801
141	63.4858
142	62.6468
143	61.3811
144	59.2727
145	55.3452
146	47.8472
147	36.1739
148	24.3749
149	16.4606
149	-220
150	-220
151	-220
152	-220
153	-220
154	-220
154	-89.4341
155	-89.4341
156	-60.5581
157	-62.5891
158	-63.7968
159	-64.5878
160	-65.1394
161	-65.5405
162	-65.8429
163	-66.0802
164	-66.2765
165	-66.4501
166	-66.617
167	-66.7925
168	-66.9933
169	-67.2401
170	-67.5608
171	-67.9975
172	-68.6208
173	-69.5693
174	-71.1558
175	-74.1096
176	-79.738
177	-88.5117
178	-97.4764
179	-103.732
180	-108
181	-112.278
182	-118.572
183	-127.622
184	-136.515
185	-142.236
186	-145.265
187	-146.915
188	-147.92
189	-148.596
190	-149.083
191	-149.451
192	-149.743
193	-149.988
194	-150.205
195	-150.413
196	-150.626
197	-150.861
198	-151.137
199	-151.479
200	-151.92
201	-152.514
202	-153.353
203	-154.619
204	-156.727
205	-160.655
206	-168.153
207	-179.826
208	-191.625
209	-199.539
209	-216
210	-216
211	-216
212	-216
213	-216
214	-216
214	-216
215	-216
216	-216
217	-216
218	-216
219	-216
220	-216
221	-216
222	-216
223	-216
224	-216
225	-216
226	-216
227	-216
228	-216
229	-216
230	-216
231	-216
232	-216
233	-216
234	-216
235	-216
236	-216
237	-216
238	-216
239	-216
240	-216
241	-216
242	-216
243	-216
244	-216
245	-216
246	-216
247	-216
248	-216
249	-216
250	-216
251	-216
252	-216
253	-216
254	-216
255	-216
256	-216
257	-216
258	-216
259	-216
260	-216
261	-216
262	-216
263	-216
264	-216
265	-216
266	-216
267	-216
268	-216
269	-216
269	4
270	4
271	4
272	4
273	4
274	4
274	-126.661
275	-126.661
276	-155.442
277	-153.411
278	-152.203
279	-151.412
280	-150.861
281	-150.46
282	-150.157
283	-149.92
284	-149.724
285	-149.55
286	-149.383
287	-149.208
288	-149.007
289	-148.76
290	-148.439
291	-148.003
292	-147.379
293	-146.431
294	-144.844
295	-141.89
296	-136.262
297	-127.488
298	-118.524
299	-112.268
300	-108
301	-103.722
302	-97.4275
303	-88.3777
304	-79.485
305	-73.7636
306	-70.735
307	-69.0853
308	-68.08
309	-67.4039
310	-66.9174
311	-66.5492
312	-66.2569
313	-66.0124
314	-65.7949
315	-65.5872
316	-65.3739
317	-65.1387
318	-64.8627
319	-64.5214
320	-64.0801
321	-63.4858
322	-62.6468
323	-61.3812
324	-59.2728
325	-55.3452
326	-47.8472
327	-36.174
328	-24.375
329	-16.4607
329	220
330	220
331	220
332	220
333	220
334	220
334	89.3298
335	89.3298
336	60.558
337	62.589
338	63.7967
339	64.5877
340	65.1393
341	65.5404
342	65.8428
343	66.0802
344	66.2764
345	66.45
346	66.6169
347	66.7924
348	66.9933
349	67.2401
350	67.5608
351	67.9974
352	68.6207
353	69.5692
354	71.1558
355	74.1096
356	79.738
357	88.5116
358	97.4764
359	103.732
360	108
360	220
Line Voltage vab
