Winding Currents under Load 
Electric Degree
(Amperes)
0	2.77486
1	2.93263
2	2.75651
3	2.73301
4	2.74228
5	2.76224
6	2.78635
7	2.81241
8	2.83944
9	2.86696
10	2.89469
11	2.92248
12	2.95022
13	2.97783
14	3.00529
15	3.03255
16	3.0596
17	3.08645
18	3.11308
19	3.13953
20	3.16582
21	3.192
22	3.21812
23	3.24427
24	3.27058
25	3.2972
26	3.3244
27	3.35253
28	3.38218
29	3.41437
29	2.04601e-11
30	0.408188
31	0.805081
32	1.18629
33	1.54626
34	1.90311
35	2.03019
36	2.08357
37	2.13155
38	2.17851
39	2.22461
40	2.26989
41	2.31438
42	2.35809
43	2.40102
44	2.44315
45	2.48446
46	2.52492
47	2.56448
48	2.60309
49	2.64066
50	2.67707
51	2.71215
52	2.74562
53	2.77701
54	2.80533
55	2.82841
56	2.84195
57	2.84099
58	2.82586
59	2.80238
60	2.77616
61	2.75178
62	2.73474
63	2.73069
64	2.74006
65	2.76004
66	2.78416
67	2.81024
68	2.83728
69	2.86481
70	2.89256
71	2.92036
72	2.94811
73	2.97575
74	3.00322
75	3.03049
76	3.05756
77	3.08442
78	3.11107
79	3.13753
80	3.16384
81	3.19003
82	3.21616
83	3.24233
84	3.26865
85	3.29529
86	3.3225
87	3.35064
88	3.38031
89	3.41251
89	2.04605e-11
90	0.408191
91	0.805087
92	1.1863
93	1.54628
94	1.90317
95	2.02934
96	2.08265
97	2.13063
98	2.17759
99	2.22369
100	2.26898
101	2.31347
102	2.35719
103	2.40011
104	2.44225
105	2.48356
106	2.52402
107	2.56359
108	2.6022
109	2.63978
110	2.67619
111	2.71127
112	2.74475
113	2.77614
114	2.80446
115	2.82755
116	2.8411
117	2.84014
118	2.82502
119	2.80155
120	2.77533
121	2.75095
122	2.73392
123	2.72988
124	2.73926
125	2.75924
126	2.78337
127	2.80945
128	2.8365
129	2.86403
130	2.89179
131	2.91959
132	2.94735
133	2.97499
134	3.00247
135	3.02975
136	3.05682
137	3.08368
138	3.11034
139	3.13681
140	3.16312
141	3.18931
142	3.21545
143	3.24163
144	3.26795
145	3.2946
146	3.32181
147	3.34996
148	3.37963
149	3.41184
149	2.04606e-11
150	0.408192
151	0.805089
152	1.18631
153	1.54628
154	1.90319
155	2.02903
156	2.08232
157	2.1303
158	2.17726
159	2.22336
160	2.26865
161	2.31314
162	2.35686
163	2.39979
164	2.44192
165	2.48323
166	2.5237
167	2.56327
168	2.60188
169	2.63945
170	2.67587
171	2.71095
172	2.74443
173	2.77582
174	2.80415
175	2.82724
176	2.84079
177	2.83983
178	2.82471
179	2.80124
180	2.77503
181	2.75065
182	2.73362
183	2.72958
184	2.73897
185	2.75895
186	2.78308
187	2.80916
188	2.83621
189	2.86375
190	2.89151
191	2.91932
192	2.94708
193	2.97472
194	3.00219
195	3.02948
196	3.05655
197	3.08341
198	3.11007
199	3.13655
200	3.16286
201	3.18906
202	3.2152
203	3.24137
204	3.2677
205	3.29434
206	3.32156
207	3.34971
208	3.37938
209	3.41159
209	2.04605e-11
210	0.408192
211	0.80509
212	1.18631
213	1.54628
214	1.9032
215	2.02891
216	2.0822
217	2.13018
218	2.17714
219	2.22324
220	2.26853
221	2.31302
222	2.35674
223	2.39967
224	2.4418
225	2.48312
226	2.52358
227	2.56315
228	2.60176
229	2.63934
230	2.67575
231	2.71084
232	2.74432
233	2.77571
234	2.80404
235	2.82713
236	2.84068
237	2.83972
238	2.8246
239	2.80113
240	2.77492
241	2.75054
242	2.73351
243	2.72947
244	2.73886
245	2.75884
246	2.78298
247	2.80906
248	2.83611
249	2.86365
250	2.8914
251	2.91921
252	2.94698
253	2.97462
254	3.00209
255	3.02938
256	3.05645
257	3.08332
258	3.10998
259	3.13645
260	3.16276
261	3.18896
262	3.2151
263	3.24128
264	3.2676
265	3.29425
266	3.32147
267	3.34962
268	3.3793
269	3.41151
269	2.04601e-11
270	0.408192
271	0.805091
272	1.18631
273	1.54628
274	1.9032
275	2.02887
276	2.08215
277	2.13014
278	2.1771
279	2.2232
280	2.26848
281	2.31298
282	2.35669
283	2.39962
284	2.44176
285	2.48307
286	2.52354
287	2.56311
288	2.60172
289	2.6393
290	2.67571
291	2.7108
292	2.74428
293	2.77567
294	2.80399
295	2.82709
296	2.84064
297	2.83968
298	2.82456
299	2.80109
300	2.77488
301	2.75051
302	2.73347
303	2.72943
304	2.73882
305	2.75881
306	2.78294
307	2.80902
308	2.83607
309	2.86361
310	2.89137
311	2.91918
312	2.94694
313	2.97458
314	3.00206
315	3.02934
316	3.05642
317	3.08328
318	3.10994
319	3.13642
320	3.16273
321	3.18893
322	3.21507
323	3.24124
324	3.26757
325	3.29422
326	3.32144
327	3.34959
328	3.37926
329	3.41147
329	2.04605e-11
330	0.408192
331	0.805091
332	1.18631
333	1.54628
334	1.9032
335	2.02886
336	2.08214
337	2.13012
338	2.17708
339	2.22318
340	2.26847
341	2.31296
342	2.35668
343	2.39961
344	2.44174
345	2.48306
346	2.52352
347	2.56309
348	2.60171
349	2.63928
350	2.6757
351	2.71078
352	2.74426
353	2.77565
354	2.80398
355	2.82707
356	2.84062
357	2.83966
358	2.82455
359	2.80108
360	2.77486
Source Current
0	1.12e-10
1	0.364656
2	-1.638e-11
3	9.23783e-11
4	8.3485e-11
5	7.77636e-11
6	7.47351e-11
7	7.30853e-11
8	7.208e-11
9	7.14039e-11
10	7.09174e-11
11	7.05491e-11
12	7.02569e-11
13	7.00124e-11
14	6.97948e-11
15	6.95871e-11
16	6.93738e-11
17	6.91386e-11
18	6.88626e-11
19	6.85212e-11
20	6.808e-11
21	6.74856e-11
22	6.66467e-11
23	6.5381e-11
24	6.32725e-11
25	5.9345e-11
26	5.18469e-11
27	4.01736e-11
28	2.83745e-11
29	2.04601e-11
30	0.408188
31	0.805081
32	1.18629
33	1.54626
34	1.90311
35	2.03019
36	2.08357
37	2.13155
38	2.17851
39	2.22461
40	2.26989
41	2.31438
42	2.35809
43	2.40102
44	2.44315
45	2.48446
46	2.52492
47	2.56448
48	2.60309
49	2.64066
50	2.67707
51	2.71215
52	2.74562
53	2.77701
54	2.80533
55	2.82841
56	2.84195
57	2.84099
58	2.82586
59	2.80238
60	2.77616
61	2.75178
62	2.73474
63	2.73069
64	2.74006
65	2.76004
66	2.78416
67	2.81024
68	2.83728
69	2.86481
70	2.89256
71	2.92036
72	2.94811
73	2.97575
74	3.00322
75	3.03049
76	3.05756
77	3.08442
78	3.11107
79	3.13753
80	3.16384
81	3.19003
82	3.21616
83	3.24233
84	3.26865
85	3.29529
86	3.3225
87	3.35064
88	3.38031
89	3.41251
90	3.09975
91	2.80129
92	2.51504
93	2.24849
94	2.01756
95	2.02934
96	2.08265
97	2.13063
98	2.17759
99	2.22369
100	2.26898
101	2.31347
102	2.35719
103	2.40011
104	2.44225
105	2.48356
106	2.52402
107	2.56359
108	2.6022
109	2.63978
110	2.67619
111	2.71127
112	2.74475
113	2.77614
114	2.80446
115	2.82755
116	2.8411
117	2.84014
118	2.82502
119	2.80155
120	2.77533
121	2.75095
122	2.73392
123	2.72988
124	2.73926
125	2.75924
126	2.78337
127	2.80945
128	2.8365
129	2.86403
130	2.89179
131	2.91959
132	2.94735
133	2.97499
134	3.00247
135	3.02975
136	3.05682
137	3.08368
138	3.11034
139	3.13681
140	3.16312
141	3.18931
142	3.21545
143	3.24163
144	3.26795
145	3.2946
146	3.32181
147	3.34996
148	3.37963
149	3.41184
150	2.69089
151	1.99553
152	1.32807
153	0.701551
154	0.113729
155	-1.30566e-10
156	6.45581e-11
157	6.65891e-11
158	6.77968e-11
159	6.85878e-11
160	6.91394e-11
161	6.95405e-11
162	6.98429e-11
163	7.00802e-11
164	7.02765e-11
165	7.04501e-11
166	7.0617e-11
167	7.07925e-11
168	7.09933e-11
169	7.12401e-11
170	7.15608e-11
171	7.19975e-11
172	7.26208e-11
173	7.35693e-11
174	7.51558e-11
175	7.81096e-11
176	8.3738e-11
177	9.25117e-11
178	1.01476e-10
179	1.07732e-10
180	-1.12e-10
181	-1.07722e-10
182	-1.01428e-10
183	-9.23777e-11
184	-8.3485e-11
185	-7.77636e-11
186	-7.4735e-11
187	-7.30853e-11
188	-7.208e-11
189	-7.14039e-11
190	-7.09174e-11
191	-7.05492e-11
192	-7.02569e-11
193	-7.00124e-11
194	-6.97948e-11
195	-6.95872e-11
196	-6.93739e-11
197	-6.91387e-11
198	-6.88627e-11
199	-6.85214e-11
200	-6.80801e-11
201	-6.74858e-11
202	-6.66468e-11
203	-6.53812e-11
204	-6.32728e-11
205	-5.93452e-11
206	-5.18472e-11
207	-4.0174e-11
208	-2.8375e-11
209	-2.04606e-11
210	-0.408192
211	-0.80509
212	-1.18631
213	-1.54628
214	-1.9032
215	-2.02891
216	-2.0822
217	-2.13018
218	-2.17714
219	-2.22324
220	-2.26853
221	-2.31302
222	-2.35674
223	-2.39967
224	-2.4418
225	-2.48312
226	-2.52358
227	-2.56315
228	-2.60176
229	-2.63934
230	-2.67575
231	-2.71084
232	-2.74432
233	-2.77571
234	-2.80404
235	-2.82713
236	-2.84068
237	-2.83972
238	-2.8246
239	-2.80113
240	-2.77492
241	-2.75054
242	-2.73351
243	-2.72947
244	-2.73886
245	-2.75884
246	-2.78298
247	-2.80906
248	-2.83611
249	-2.86365
250	-2.8914
251	-2.91921
252	-2.94698
253	-2.97462
254	-3.00209
255	-3.02938
256	-3.05645
257	-3.08332
258	-3.10998
259	-3.13645
260	-3.16276
261	-3.18896
262	-3.2151
263	-3.24128
264	-3.2676
265	-3.29425
266	-3.32147
267	-3.34962
268	-3.3793
269	-3.41151
270	-3.09875
271	-2.80029
272	-2.51405
273	-2.24751
274	-2.0166
275	-2.02887
276	-2.08215
277	-2.13014
278	-2.1771
279	-2.2232
280	-2.26848
281	-2.31298
282	-2.35669
283	-2.39962
284	-2.44176
285	-2.48307
286	-2.52354
287	-2.56311
288	-2.60172
289	-2.6393
290	-2.67571
291	-2.7108
292	-2.74428
293	-2.77567
294	-2.80399
295	-2.82709
296	-2.84064
297	-2.83968
298	-2.82456
299	-2.80109
300	-2.77488
301	-2.75051
302	-2.73347
303	-2.72943
304	-2.73882
305	-2.75881
306	-2.78294
307	-2.80902
308	-2.83607
309	-2.86361
310	-2.89137
311	-2.91918
312	-2.94694
313	-2.97458
314	-3.00206
315	-3.02934
316	-3.05642
317	-3.08328
318	-3.10994
319	-3.13642
320	-3.16273
321	-3.18893
322	-3.21507
323	-3.24124
324	-3.26757
325	-3.29422
326	-3.32144
327	-3.34959
328	-3.37926
329	-3.41147
330	-2.69053
331	-1.99517
332	-1.32771
333	-0.701191
334	-0.113367
335	1.3067e-10
336	-6.4558e-11
337	-6.6589e-11
338	-6.77967e-11
339	-6.85877e-11
340	-6.91393e-11
341	-6.95404e-11
342	-6.98428e-11
343	-7.00802e-11
344	-7.02764e-11
345	-7.045e-11
346	-7.06169e-11
347	-7.07924e-11
348	-7.09933e-11
349	-7.12401e-11
350	-7.15608e-11
351	-7.19974e-11
352	-7.26207e-11
353	-7.35692e-11
354	-7.51558e-11
355	-7.81096e-11
356	-8.3738e-11
357	-9.25116e-11
358	-1.01476e-10
359	-1.07732e-10
360	1.12e-10
Phase Current ia
0	-2.77486
1	-2.93263
2	-2.75651
3	-2.73301
4	-2.74228
5	-2.76224
6	-2.78635
7	-2.81241
8	-2.83944
9	-2.86696
10	-2.89469
11	-2.92248
12	-2.95022
13	-2.97783
14	-3.00529
15	-3.03255
16	-3.0596
17	-3.08645
18	-3.11308
19	-3.13953
20	-3.16582
21	-3.192
22	-3.21812
23	-3.24427
24	-3.27058
25	-3.2972
26	-3.3244
27	-3.35253
28	-3.38218
29	-3.41437
30	-3.10159
31	-2.80312
32	-2.51686
33	-2.2503
34	-2.01935
35	-2.03019
36	-2.08357
37	-2.13155
38	-2.17851
39	-2.22461
40	-2.26989
41	-2.31438
42	-2.35809
43	-2.40102
44	-2.44315
45	-2.48446
46	-2.52492
47	-2.56448
48	-2.60309
49	-2.64066
50	-2.67707
51	-2.71215
52	-2.74562
53	-2.77701
54	-2.80533
55	-2.82841
56	-2.84195
57	-2.84099
58	-2.82586
59	-2.80238
60	-2.77616
61	-2.75178
62	-2.73474
63	-2.73069
64	-2.74006
65	-2.76004
66	-2.78416
67	-2.81024
68	-2.83728
69	-2.86481
70	-2.89256
71	-2.92036
72	-2.94811
73	-2.97575
74	-3.00322
75	-3.03049
76	-3.05756
77	-3.08442
78	-3.11107
79	-3.13753
80	-3.16384
81	-3.19003
82	-3.21616
83	-3.24233
84	-3.26865
85	-3.29529
86	-3.3225
87	-3.35064
88	-3.38031
89	-3.41251
90	-2.69156
91	-1.9962
92	-1.32874
93	-0.702214
94	-0.114397
95	1.30374e-10
96	-6.45582e-11
97	-6.65892e-11
98	-6.77969e-11
99	-6.8588e-11
100	-6.91395e-11
101	-6.95406e-11
102	-6.9843e-11
103	-7.00804e-11
104	-7.02766e-11
105	-7.04502e-11
106	-7.06171e-11
107	-7.07926e-11
108	-7.09934e-11
109	-7.12402e-11
110	-7.15609e-11
111	-7.19975e-11
112	-7.26208e-11
113	-7.35693e-11
114	-7.51559e-11
115	-7.81097e-11
116	-8.37381e-11
117	-9.25117e-11
118	-1.01476e-10
119	-1.07732e-10
120	1.12e-10
121	1.07722e-10
122	1.01428e-10
123	9.23777e-11
124	8.3485e-11
125	7.77636e-11
126	7.4735e-11
127	7.30853e-11
128	7.208e-11
129	7.14039e-11
130	7.09174e-11
131	7.05492e-11
132	7.02569e-11
133	7.00124e-11
134	6.97948e-11
135	6.95872e-11
136	6.93739e-11
137	6.91387e-11
138	6.88627e-11
139	6.85214e-11
140	6.80801e-11
141	6.74858e-11
142	6.66468e-11
143	6.53811e-11
144	6.32727e-11
145	5.93452e-11
146	5.18472e-11
147	4.01739e-11
148	2.83749e-11
149	2.04606e-11
150	0.408192
151	0.805089
152	1.18631
153	1.54628
154	1.90319
155	2.02903
156	2.08232
157	2.1303
158	2.17726
159	2.22336
160	2.26865
161	2.31314
162	2.35686
163	2.39979
164	2.44192
165	2.48323
166	2.5237
167	2.56327
168	2.60188
169	2.63945
170	2.67587
171	2.71095
172	2.74443
173	2.77582
174	2.80415
175	2.82724
176	2.84079
177	2.83983
178	2.82471
179	2.80124
180	2.77503
181	2.75065
182	2.73362
183	2.72958
184	2.73897
185	2.75895
186	2.78308
187	2.80916
188	2.83621
189	2.86375
190	2.89151
191	2.91932
192	2.94708
193	2.97472
194	3.00219
195	3.02948
196	3.05655
197	3.08341
198	3.11007
199	3.13655
200	3.16286
201	3.18906
202	3.2152
203	3.24137
204	3.2677
205	3.29434
206	3.32156
207	3.34971
208	3.37938
209	3.41159
210	3.09884
211	2.80038
212	2.51414
213	2.24759
214	2.01668
215	2.02891
216	2.0822
217	2.13018
218	2.17714
219	2.22324
220	2.26853
221	2.31302
222	2.35674
223	2.39967
224	2.4418
225	2.48312
226	2.52358
227	2.56315
228	2.60176
229	2.63934
230	2.67575
231	2.71084
232	2.74432
233	2.77571
234	2.80404
235	2.82713
236	2.84068
237	2.83972
238	2.8246
239	2.80113
240	2.77492
241	2.75054
242	2.73351
243	2.72947
244	2.73886
245	2.75884
246	2.78298
247	2.80906
248	2.83611
249	2.86365
250	2.8914
251	2.91921
252	2.94698
253	2.97462
254	3.00209
255	3.02938
256	3.05645
257	3.08332
258	3.10998
259	3.13645
260	3.16276
261	3.18896
262	3.2151
263	3.24128
264	3.2676
265	3.29425
266	3.32147
267	3.34962
268	3.3793
269	3.41151
270	2.69056
271	1.9952
272	1.32774
273	0.701223
274	0.113399
275	-1.30661e-10
276	6.4558e-11
277	6.6589e-11
278	6.77967e-11
279	6.85878e-11
280	6.91393e-11
281	6.95404e-11
282	6.98428e-11
283	7.00802e-11
284	7.02764e-11
285	7.045e-11
286	7.06169e-11
287	7.07924e-11
288	7.09933e-11
289	7.12401e-11
290	7.15608e-11
291	7.19974e-11
292	7.26207e-11
293	7.35692e-11
294	7.51558e-11
295	7.81096e-11
296	8.3738e-11
297	9.25116e-11
298	1.01476e-10
299	1.07732e-10
300	-1.12e-10
301	-1.07722e-10
302	-1.01428e-10
303	-9.23777e-11
304	-8.3485e-11
305	-7.77636e-11
306	-7.4735e-11
307	-7.30853e-11
308	-7.208e-11
309	-7.14039e-11
310	-7.09174e-11
311	-7.05492e-11
312	-7.02569e-11
313	-7.00124e-11
314	-6.97949e-11
315	-6.95872e-11
316	-6.93739e-11
317	-6.91387e-11
318	-6.88627e-11
319	-6.85214e-11
320	-6.80801e-11
321	-6.74858e-11
322	-6.66468e-11
323	-6.53812e-11
324	-6.32728e-11
325	-5.93452e-11
326	-5.18472e-11
327	-4.0174e-11
328	-2.8375e-11
329	-2.04607e-11
330	-0.408192
331	-0.805091
332	-1.18631
333	-1.54628
334	-1.9032
335	-2.02886
336	-2.08214
337	-2.13012
338	-2.17708
339	-2.22318
340	-2.26847
341	-2.31296
342	-2.35668
343	-2.39961
344	-2.44174
345	-2.48306
346	-2.52352
347	-2.56309
348	-2.60171
349	-2.63928
350	-2.6757
351	-2.71078
352	-2.74426
353	-2.77565
354	-2.80398
355	-2.82707
356	-2.84062
357	-2.83966
358	-2.82455
359	-2.80108
360	-2.77486
Phase Current ib
0	2.77486
1	2.56797
2	2.75651
3	2.73301
4	2.74228
5	2.76224
6	2.78635
7	2.81241
8	2.83944
9	2.86696
10	2.89469
11	2.92248
12	2.95022
13	2.97783
14	3.00529
15	3.03255
16	3.0596
17	3.08645
18	3.11308
19	3.13953
20	3.16582
21	3.192
22	3.21812
23	3.24427
24	3.27058
25	3.2972
26	3.3244
27	3.35253
28	3.38218
29	3.41437
30	2.6934
31	1.99804
32	1.33057
33	0.704043
34	0.116237
35	-1.29844e-10
36	6.45586e-11
37	6.65894e-11
38	6.77973e-11
39	6.85882e-11
40	6.91398e-11
41	6.95404e-11
42	6.98437e-11
43	7.00804e-11
44	7.02776e-11
45	7.04503e-11
46	7.06168e-11
47	7.07936e-11
48	7.09934e-11
49	7.12421e-11
50	7.15601e-11
51	7.19989e-11
52	7.26224e-11
53	7.357e-11
54	7.5155e-11
55	7.811e-11
56	8.37379e-11
57	9.25118e-11
58	1.01477e-10
59	1.07732e-10
60	-1.12e-10
61	-1.07723e-10
62	-1.01428e-10
63	-9.23777e-11
64	-8.34848e-11
65	-7.77645e-11
66	-7.47349e-11
67	-7.30846e-11
68	-7.20801e-11
69	-7.14033e-11
70	-7.09184e-11
71	-7.05489e-11
72	-7.02567e-11
73	-7.00124e-11
74	-6.97948e-11
75	-6.95874e-11
76	-6.93738e-11
77	-6.9138e-11
78	-6.88627e-11
79	-6.85221e-11
80	-6.80798e-11
81	-6.7486e-11
82	-6.66454e-11
83	-6.53815e-11
84	-6.32729e-11
85	-5.93459e-11
86	-5.18474e-11
87	-4.01736e-11
88	-2.83755e-11
89	-2.04605e-11
90	-0.408191
91	-0.805087
92	-1.1863
93	-1.54628
94	-1.90317
95	-2.02934
96	-2.08265
97	-2.13063
98	-2.17759
99	-2.22369
100	-2.26898
101	-2.31347
102	-2.35719
103	-2.40011
104	-2.44225
105	-2.48356
106	-2.52402
107	-2.56359
108	-2.6022
109	-2.63978
110	-2.67619
111	-2.71127
112	-2.74475
113	-2.77614
114	-2.80446
115	-2.82755
116	-2.8411
117	-2.84014
118	-2.82502
119	-2.80155
120	-2.77533
121	-2.75095
122	-2.73392
123	-2.72988
124	-2.73926
125	-2.75924
126	-2.78337
127	-2.80945
128	-2.8365
129	-2.86403
130	-2.89179
131	-2.91959
132	-2.94735
133	-2.97499
134	-3.00247
135	-3.02975
136	-3.05682
137	-3.08368
138	-3.11034
139	-3.13681
140	-3.16312
141	-3.18931
142	-3.21545
143	-3.24163
144	-3.26795
145	-3.2946
146	-3.32181
147	-3.34996
148	-3.37963
149	-3.41184
150	-3.09908
151	-2.80062
152	-2.51438
153	-2.24783
154	-2.01692
155	-2.02903
156	-2.08232
157	-2.1303
158	-2.17726
159	-2.22336
160	-2.26865
161	-2.31314
162	-2.35686
163	-2.39979
164	-2.44192
165	-2.48323
166	-2.5237
167	-2.56327
168	-2.60188
169	-2.63945
170	-2.67587
171	-2.71095
172	-2.74443
173	-2.77582
174	-2.80415
175	-2.82724
176	-2.84079
177	-2.83983
178	-2.82471
179	-2.80124
180	-2.77503
181	-2.75065
182	-2.73362
183	-2.72958
184	-2.73897
185	-2.75895
186	-2.78308
187	-2.80916
188	-2.83621
189	-2.86375
190	-2.89151
191	-2.91932
192	-2.94708
193	-2.97472
194	-3.00219
195	-3.02948
196	-3.05655
197	-3.08341
198	-3.11007
199	-3.13655
200	-3.16286
201	-3.18906
202	-3.2152
203	-3.24137
204	-3.2677
205	-3.29434
206	-3.32156
207	-3.34971
208	-3.37938
209	-3.41159
210	-2.69065
211	-1.99529
212	-1.32783
213	-0.70131
214	-0.113487
215	1.30636e-10
216	-6.45581e-11
217	-6.6589e-11
218	-6.77964e-11
219	-6.85882e-11
220	-6.91398e-11
221	-6.95395e-11
222	-6.98432e-11
223	-7.00808e-11
224	-7.02762e-11
225	-7.04499e-11
226	-7.06164e-11
227	-7.07918e-11
228	-7.09934e-11
229	-7.12403e-11
230	-7.1561e-11
231	-7.19971e-11
232	-7.26215e-11
233	-7.35692e-11
234	-7.5155e-11
235	-7.811e-11
236	-8.37383e-11
237	-9.25118e-11
238	-1.01476e-10
239	-1.07733e-10
240	1.12e-10
241	1.07722e-10
242	1.01428e-10
243	9.23781e-11
244	8.34848e-11
245	7.77636e-11
246	7.47344e-11
247	7.30846e-11
248	7.20801e-11
249	7.14042e-11
250	7.09175e-11
251	7.05489e-11
252	7.02567e-11
253	7.00124e-11
254	6.97948e-11
255	6.9587e-11
256	6.93743e-11
257	6.91385e-11
258	6.88627e-11
259	6.85212e-11
260	6.80798e-11
261	6.74856e-11
262	6.66476e-11
263	6.53815e-11
264	6.32734e-11
265	5.93445e-11
266	5.18479e-11
267	4.01745e-11
268	2.83737e-11
269	2.04601e-11
270	0.408192
271	0.805091
272	1.18631
273	1.54628
274	1.9032
275	2.02887
276	2.08215
277	2.13014
278	2.1771
279	2.2232
280	2.26848
281	2.31298
282	2.35669
283	2.39962
284	2.44176
285	2.48307
286	2.52354
287	2.56311
288	2.60172
289	2.6393
290	2.67571
291	2.7108
292	2.74428
293	2.77567
294	2.80399
295	2.82709
296	2.84064
297	2.83968
298	2.82456
299	2.80109
300	2.77488
301	2.75051
302	2.73347
303	2.72943
304	2.73882
305	2.75881
306	2.78294
307	2.80902
308	2.83607
309	2.86361
310	2.89137
311	2.91918
312	2.94694
313	2.97458
314	3.00206
315	3.02934
316	3.05642
317	3.08328
318	3.10994
319	3.13642
320	3.16273
321	3.18893
322	3.21507
323	3.24124
324	3.26757
325	3.29422
326	3.32144
327	3.34959
328	3.37926
329	3.41147
330	3.09872
331	2.80026
332	2.51402
333	2.24747
334	2.01657
335	2.02886
336	2.08214
337	2.13012
338	2.17708
339	2.22318
340	2.26847
341	2.31296
342	2.35668
343	2.39961
344	2.44174
345	2.48306
346	2.52352
347	2.56309
348	2.60171
349	2.63928
350	2.6757
351	2.71078
352	2.74426
353	2.77565
354	2.80398
355	2.82707
356	2.84062
357	2.83966
358	2.82455
359	2.80108
360	2.77486
Phase Current ic
