Induced Winding Voltages at Rated Speed
Electric Degree
(Volts)
0	0.000000
1	2.859715
2	7.058816
3	13.085805
4	18.996698
5	22.803149
6	24.815552
7	25.909767
8	26.575311
9	27.022393
10	27.344333
11	27.589032
12	27.785196
13	27.952347
14	28.105310
15	28.256720
16	28.418786
17	28.604899
18	28.831461
19	29.120442
20	29.503581
21	30.030617
22	30.788503
23	31.952805
24	33.929156
25	37.675766
26	44.913427
27	56.213762
28	67.513523
29	74.749428
30	78.492990
31	80.464814
32	81.622829
33	82.372271
34	82.888168
35	83.256744
36	83.526763
37	83.728654
38	83.882609
39	84.002607
40	84.098681
41	84.178319
42	84.247394
43	84.310812
44	84.373019
45	84.438445
46	84.511966
47	84.599459
48	84.708570
49	84.849899
50	85.039047
51	85.300689
52	85.678160
53	86.259137
54	87.246356
55	89.118859
56	92.736990
57	98.386517
58	104.035777
59	107.653092
60	109.524179
61	110.509301
62	111.087374
63	111.460961
64	111.717508
65	111.900045
66	112.032846
67	112.130992
68	112.204406
69	112.259856
70	112.302068
71	112.334409
72	112.359314
73	112.378573
74	112.393515
75	112.405137
76	112.414194
77	112.421263
78	112.426785
79	112.431101
80	112.434474
81	112.437108
82	112.439160
83	112.440754
84	112.441983
85	112.442921
86	112.443623
87	112.444130
88	112.444473
89	112.444671
90	112.444736
91	112.444671
92	112.444473
93	112.444130
94	112.443623
95	112.442921
96	112.441983
97	112.440754
98	112.439160
99	112.437108
100	112.434474
101	112.431101
102	112.426785
103	112.421263
104	112.414194
105	112.405137
106	112.393515
107	112.378573
108	112.359314
109	112.334409
110	112.302068
111	112.259856
112	112.204406
113	112.130992
114	112.032846
115	111.900045
116	111.717508
117	111.460961
118	111.087374
119	110.509301
120	109.524179
121	107.653092
122	104.035777
123	98.386517
124	92.736990
125	89.118859
126	87.246356
127	86.259137
128	85.678160
129	85.300689
130	85.039047
131	84.849899
132	84.708570
133	84.599459
134	84.511966
135	84.438445
136	84.373019
137	84.310812
138	84.247394
139	84.178319
140	84.098681
141	84.002607
142	83.882609
143	83.728654
144	83.526763
145	83.256744
146	82.888168
147	82.372271
148	81.622829
149	80.464814
150	78.492990
151	74.749428
152	67.513523
153	56.213762
154	44.913427
155	37.675766
156	33.929156
157	31.952805
158	30.788503
159	30.030617
160	29.503581
161	29.120442
162	28.831461
163	28.604899
164	28.418786
165	28.256720
166	28.105310
167	27.952347
168	27.785196
169	27.589032
170	27.344333
171	27.022393
172	26.575311
173	25.909767
174	24.815552
175	22.803149
176	18.996698
177	13.085805
178	7.058816
179	2.859715
180	0.000000
181	-2.859715
182	-7.058816
183	-13.085805
184	-18.996698
185	-22.803149
186	-24.815552
187	-25.909767
188	-26.575311
189	-27.022393
190	-27.344333
191	-27.589032
192	-27.785196
193	-27.952347
194	-28.105310
195	-28.256720
196	-28.418786
197	-28.604899
198	-28.831461
199	-29.120442
200	-29.503581
201	-30.030617
202	-30.788503
203	-31.952805
204	-33.929156
205	-37.675766
206	-44.913427
207	-56.213762
208	-67.513523
209	-74.749428
210	-78.492990
211	-80.464814
212	-81.622829
213	-82.372271
214	-82.888168
215	-83.256744
216	-83.526763
217	-83.728654
218	-83.882609
219	-84.002607
220	-84.098681
221	-84.178319
222	-84.247394
223	-84.310812
224	-84.373019
225	-84.438445
226	-84.511966
227	-84.599459
228	-84.708570
229	-84.849899
230	-85.039047
231	-85.300689
232	-85.678160
233	-86.259137
234	-87.246356
235	-89.118859
236	-92.736990
237	-98.386517
238	-104.035777
239	-107.653092
240	-109.524179
241	-110.509301
242	-111.087374
243	-111.460961
244	-111.717508
245	-111.900045
246	-112.032846
247	-112.130992
248	-112.204406
249	-112.259856
250	-112.302068
251	-112.334409
252	-112.359314
253	-112.378573
254	-112.393515
255	-112.405137
256	-112.414194
257	-112.421263
258	-112.426785
259	-112.431101
260	-112.434474
261	-112.437108
262	-112.439160
263	-112.440754
264	-112.441983
265	-112.442921
266	-112.443623
267	-112.444130
268	-112.444473
269	-112.444671
270	-112.444736
271	-112.444671
272	-112.444473
273	-112.444130
274	-112.443623
275	-112.442921
276	-112.441983
277	-112.440754
278	-112.439160
279	-112.437108
280	-112.434474
281	-112.431101
282	-112.426785
283	-112.421263
284	-112.414194
285	-112.405137
286	-112.393515
287	-112.378573
288	-112.359314
289	-112.334409
290	-112.302068
291	-112.259856
292	-112.204406
293	-112.130992
294	-112.032846
295	-111.900045
296	-111.717508
297	-111.460961
298	-111.087374
299	-110.509301
300	-109.524179
301	-107.653092
302	-104.035777
303	-98.386517
304	-92.736990
305	-89.118859
306	-87.246356
307	-86.259137
308	-85.678160
309	-85.300689
310	-85.039047
311	-84.849899
312	-84.708570
313	-84.599459
314	-84.511966
315	-84.438445
316	-84.373019
317	-84.310812
318	-84.247394
319	-84.178319
320	-84.098681
321	-84.002607
322	-83.882609
323	-83.728654
324	-83.526763
325	-83.256744
326	-82.888168
327	-82.372271
328	-81.622829
329	-80.464814
330	-78.492990
331	-74.749428
332	-67.513523
333	-56.213762
334	-44.913427
335	-37.675766
336	-33.929156
337	-31.952805
338	-30.788503
339	-30.030617
340	-29.503581
341	-29.120442
342	-28.831461
343	-28.604899
344	-28.418786
345	-28.256720
346	-28.105310
347	-27.952347
348	-27.785196
349	-27.589032
350	-27.344333
351	-27.022393
352	-26.575311
353	-25.909767
354	-24.815552
355	-22.803149
356	-18.996698
357	-13.085805
358	-7.058816
359	-2.859715
360	0.000000
Phase Voltage ea
0	109.524179
1	113.369015
2	118.146189
3	124.546766
4	130.714206
5	134.703193
6	136.848398
7	138.040759
8	138.779718
9	139.282249
10	139.646401
11	139.923441
12	140.144510
13	140.330920
14	140.498825
15	140.661857
16	140.832980
17	141.026162
18	141.258246
19	141.551543
20	141.938055
21	142.467725
22	143.227663
23	144.393559
24	146.371139
25	150.118687
26	157.357050
27	168.657893
28	179.957996
29	187.194099
30	190.937726
31	192.909485
32	194.067302
33	194.816402
34	195.331791
35	195.699665
36	195.968746
37	196.169408
38	196.321770
39	196.439715
40	196.533155
41	196.609421
42	196.674180
43	196.732075
44	196.787213
45	196.843582
46	196.905481
47	196.978032
48	197.067884
49	197.184308
50	197.341116
51	197.560545
52	197.882566
53	198.390129
54	199.279202
55	201.018903
56	204.454498
57	209.847478
58	215.123151
59	218.162392
60	219.048358
61	218.162392
62	215.123151
63	209.847478
64	204.454498
65	201.018903
66	199.279202
67	198.390129
68	197.882566
69	197.560545
70	197.341116
71	197.184308
72	197.067884
73	196.978032
74	196.905481
75	196.843582
76	196.787213
77	196.732075
78	196.674180
79	196.609421
80	196.533155
81	196.439715
82	196.321770
83	196.169408
84	195.968746
85	195.699665
86	195.331791
87	194.816402
88	194.067302
89	192.909485
90	190.937726
91	187.194099
92	179.957996
93	168.657893
94	157.357050
95	150.118687
96	146.371139
97	144.393559
98	143.227663
99	142.467725
100	141.938055
101	141.551543
102	141.258246
103	141.026162
104	140.832980
105	140.661857
106	140.498825
107	140.330920
108	140.144510
109	139.923441
110	139.646401
111	139.282249
112	138.779718
113	138.040759
114	136.848398
115	134.703193
116	130.714206
117	124.546766
118	118.146189
119	113.369015
120	109.524179
121	104.793377
122	96.976962
123	85.300712
124	73.740292
125	66.315710
126	62.430804
127	60.349370
128	59.102849
129	58.278296
130	57.694715
131	57.260867
132	56.923374
133	56.647112
134	56.406656
135	56.181724
136	55.954232
137	55.705913
138	55.415933
139	55.057878
140	54.595100
141	53.971990
142	53.094106
143	51.775849
144	49.597607
145	45.580978
146	37.974741
147	26.158509
148	14.109306
149	5.715386
150	0.000000
151	-5.715386
152	-14.109306
153	-26.158509
154	-37.974741
155	-45.580978
156	-49.597607
157	-51.775849
158	-53.094106
159	-53.971990
160	-54.595100
161	-55.057878
162	-55.415933
163	-55.705913
164	-55.954232
165	-56.181724
166	-56.406656
167	-56.647112
168	-56.923374
169	-57.260867
170	-57.694715
171	-58.278296
172	-59.102849
173	-60.349370
174	-62.430804
175	-66.315710
176	-73.740292
177	-85.300712
178	-96.976962
179	-104.793377
180	-109.524179
181	-113.369015
182	-118.146189
183	-124.546766
184	-130.714206
185	-134.703193
186	-136.848398
187	-138.040759
188	-138.779718
189	-139.282249
190	-139.646401
191	-139.923441
192	-140.144510
193	-140.330920
194	-140.498825
195	-140.661857
196	-140.832980
197	-141.026162
198	-141.258246
199	-141.551543
200	-141.938055
201	-142.467725
202	-143.227663
203	-144.393559
204	-146.371139
205	-150.118687
206	-157.357050
207	-168.657893
208	-179.957996
209	-187.194099
210	-190.937726
211	-192.909485
212	-194.067302
213	-194.816402
214	-195.331791
215	-195.699665
216	-195.968746
217	-196.169408
218	-196.321770
219	-196.439715
220	-196.533155
221	-196.609421
222	-196.674180
223	-196.732075
224	-196.787213
225	-196.843582
226	-196.905481
227	-196.978032
228	-197.067884
229	-197.184308
230	-197.341116
231	-197.560545
232	-197.882566
233	-198.390129
234	-199.279202
235	-201.018903
236	-204.454498
237	-209.847478
238	-215.123151
239	-218.162392
240	-219.048358
241	-218.162392
242	-215.123151
243	-209.847478
244	-204.454498
245	-201.018903
246	-199.279202
247	-198.390129
248	-197.882566
249	-197.560545
250	-197.341116
251	-197.184308
252	-197.067884
253	-196.978032
254	-196.905481
255	-196.843582
256	-196.787213
257	-196.732075
258	-196.674180
259	-196.609421
260	-196.533155
261	-196.439715
262	-196.321770
263	-196.169408
264	-195.968746
265	-195.699665
266	-195.331791
267	-194.816402
268	-194.067302
269	-192.909485
270	-190.937726
271	-187.194099
272	-179.957996
273	-168.657893
274	-157.357050
275	-150.118687
276	-146.371139
277	-144.393559
278	-143.227663
279	-142.467725
280	-141.938055
281	-141.551543
282	-141.258246
283	-141.026162
284	-140.832980
285	-140.661857
286	-140.498825
287	-140.330920
288	-140.144510
289	-139.923441
290	-139.646401
291	-139.282249
292	-138.779718
293	-138.040759
294	-136.848398
295	-134.703193
296	-130.714206
297	-124.546766
298	-118.146189
299	-113.369015
300	-109.524179
301	-104.793377
302	-96.976962
303	-85.300712
304	-73.740292
305	-66.315710
306	-62.430804
307	-60.349370
308	-59.102849
309	-58.278296
310	-57.694715
311	-57.260867
312	-56.923374
313	-56.647112
314	-56.406656
315	-56.181724
316	-55.954232
317	-55.705913
318	-55.415933
319	-55.057878
320	-54.595100
321	-53.971990
322	-53.094106
323	-51.775849
324	-49.597607
325	-45.580978
326	-37.974741
327	-26.158509
328	-14.109306
329	-5.715386
330	0.000000
331	5.715386
332	14.109306
333	26.158509
334	37.974741
335	45.580978
336	49.597607
337	51.775849
338	53.094106
339	53.971990
340	54.595100
341	55.057878
342	55.415933
343	55.705913
344	55.954232
345	56.181724
346	56.406656
347	56.647112
348	56.923374
349	57.260867
350	57.694715
351	58.278296
352	59.102849
353	60.349370
354	62.430804
355	66.315710
356	73.740292
357	85.300712
358	96.976962
359	104.793377
360	109.524179
Line Voltage eab
