Winding Voltages under Load 
Electric Degree
(Volts)
0	4.34595e-08
0	74.6678
1	74.6678
1	-63.7581
2	-63.7581
3	13.0722
4	18.9971
5	22.8093
6	24.8285
7	25.9299
8	26.6029
9	27.0576
10	27.3874
11	27.64
12	27.8444
13	28.0198
14	28.1813
15	28.3414
16	28.5125
17	28.7079
18	28.9441
19	29.2433
20	29.6373
21	30.1763
22	30.9478
23	32.1285
24	34.1269
25	37.9079
26	45.2052
27	56.5981
28	67.9985
29	75.3127
29	160.298
30	160.298
31	159.666
32	157.599
33	154.051
34	150.41
34	109.094
35	109.094
36	93.8397
37	93.9375
38	94.0103
39	94.0662
40	94.11
41	94.1455
42	94.1758
43	94.2033
44	94.2304
45	94.2596
46	94.2934
47	94.3353
48	94.3894
49	94.4617
50	94.5609
51	94.7003
52	94.9032
53	95.2153
54	95.7406
55	96.7219
56	98.5942
57	101.514
58	104.498
59	106.58
60	108
61	109.423
62	111.518
63	114.531
64	117.49
65	119.394
66	120.4
67	120.946
68	121.277
69	121.497
70	121.653
71	121.768
72	121.855
73	121.923
74	121.978
75	122.025
76	122.067
77	122.106
78	122.145
79	122.186
80	122.232
81	122.286
82	122.352
83	122.435
84	122.542
85	122.683
86	122.874
87	123.139
88	123.521
89	124.11
89	55.7024
90	55.7024
91	56.3336
92	58.401
93	61.9491
94	65.5897
94	107.082
95	107.082
96	122.16
97	122.063
98	121.99
99	121.934
100	121.89
101	121.855
102	121.824
103	121.797
104	121.77
105	121.741
106	121.707
107	121.665
108	121.611
109	121.538
110	121.439
111	121.3
112	121.097
113	120.785
114	120.259
115	119.278
116	117.406
117	114.486
118	111.502
119	109.42
120	108
121	106.577
122	104.482
123	101.469
124	98.5096
125	96.6063
126	95.6003
127	95.054
128	94.7231
129	94.5029
130	94.347
131	94.2323
132	94.1452
133	94.0769
134	94.0215
135	93.9748
136	93.9332
137	93.8942
138	93.8553
139	93.8141
140	93.7679
141	93.7138
142	93.6479
143	93.5651
144	93.4582
145	93.3171
146	93.1263
147	92.8613
148	92.4785
149	91.8897
149	-59.7024
150	-59.7024
151	-60.3336
152	-62.401
153	-65.9491
154	-69.5898
154	6.62843
155	6.62843
156	33.2317
157	31.2999
158	30.1665
159	29.4323
160	28.9252
161	28.5602
162	28.2885
163	28.0791
164	27.9103
165	27.7661
166	27.6334
167	27.5001
168	27.3538
169	27.1797
170	26.9586
171	26.662
172	26.2423
173	25.607
174	24.5476
175	22.5781
176	18.8278
177	12.983
178	7.01116
179	2.8437
180	-4.34595e-08
181	-2.85037
182	-7.04382
183	-13.0726
184	-18.9971
185	-22.8093
186	-24.8285
187	-25.9299
188	-26.6029
189	-27.0576
190	-27.3873
191	-27.64
192	-27.8443
193	-28.0198
194	-28.1813
195	-28.3414
196	-28.5124
197	-28.7078
198	-28.944
199	-29.2432
200	-29.6372
201	-30.1762
202	-30.9476
203	-32.1284
204	-34.1267
205	-37.9077
206	-45.205
207	-56.5979
208	-67.9982
209	-75.3123
209	-160.298
210	-160.298
211	-159.666
212	-157.599
213	-154.051
214	-150.41
214	-108.831
215	-108.831
216	-93.8396
217	-93.9373
218	-94.0102
219	-94.066
220	-94.1098
221	-94.1454
222	-94.1756
223	-94.2031
224	-94.2303
225	-94.2594
226	-94.2933
227	-94.3351
228	-94.3893
229	-94.4616
230	-94.5608
231	-94.7002
232	-94.9031
233	-95.2152
234	-95.7406
235	-96.7218
236	-98.5941
237	-101.514
238	-104.498
239	-106.58
240	-108
241	-109.423
242	-111.518
243	-114.531
244	-117.49
245	-119.394
246	-120.4
247	-120.946
248	-121.277
249	-121.497
250	-121.653
251	-121.768
252	-121.855
253	-121.923
254	-121.978
255	-122.025
256	-122.067
257	-122.106
258	-122.145
259	-122.186
260	-122.232
261	-122.286
262	-122.352
263	-122.435
264	-122.542
265	-122.683
266	-122.874
267	-123.139
268	-123.521
269	-124.11
269	-55.7024
270	-55.7024
271	-56.3336
272	-58.401
273	-61.9491
274	-65.5898
274	-107.177
275	-107.177
276	-122.16
277	-122.063
278	-121.99
279	-121.934
280	-121.89
281	-121.855
282	-121.824
283	-121.797
284	-121.77
285	-121.741
286	-121.707
287	-121.665
288	-121.611
289	-121.538
290	-121.439
291	-121.3
292	-121.097
293	-120.785
294	-120.259
295	-119.278
296	-117.406
297	-114.486
298	-111.502
299	-109.42
300	-108
301	-106.577
302	-104.482
303	-101.469
304	-98.5096
305	-96.6063
306	-95.6003
307	-95.054
308	-94.7231
309	-94.5029
310	-94.347
311	-94.2323
312	-94.1452
313	-94.0769
314	-94.0216
315	-93.9748
316	-93.9332
317	-93.8942
318	-93.8553
319	-93.8141
320	-93.7679
321	-93.7138
322	-93.6479
323	-93.5651
324	-93.4582
325	-93.3171
326	-93.1263
327	-92.8613
328	-92.4786
329	-91.8897
329	59.7024
330	59.7024
331	60.3336
332	62.401
333	65.9491
334	69.5898
334	-6.6976
335	-6.6976
336	-33.2318
337	-31.3
338	-30.1666
339	-29.4323
340	-28.9253
341	-28.5603
342	-28.2886
343	-28.0791
344	-27.9103
345	-27.7662
346	-27.6335
347	-27.5001
348	-27.3538
349	-27.1797
350	-26.9586
351	-26.662
352	-26.2423
353	-25.6071
354	-24.5476
355	-22.5781
356	-18.8278
357	-12.983
358	-7.01117
359	-2.84371
360	4.34595e-08
360	74.6678
Phase Voltage va
0	108
0	220
1	220
1	12.3593
2	12.3593
3	127.603
4	136.487
5	142.203
6	145.228
7	146.876
8	147.88
9	148.555
10	149.04
11	149.408
12	149.699
13	149.943
14	150.16
15	150.367
16	150.579
17	150.814
18	151.089
19	151.429
20	151.869
21	152.462
22	153.3
23	154.563
24	156.669
25	160.591
26	168.079
27	179.737
28	191.52
29	199.423
29	216
30	216
31	216
32	216
33	216
34	216
34	216
35	216
36	216
37	216
38	216
39	216
40	216
41	216
42	216
43	216
44	216
45	216
46	216
47	216
48	216
49	216
50	216
51	216
52	216
53	216
54	216
55	216
56	216
57	216
58	216
59	216
60	216
61	216
62	216
63	216
64	216
65	216
66	216
67	216
68	216
69	216
70	216
71	216
72	216
73	216
74	216
75	216
76	216
77	216
78	216
79	216
80	216
81	216
82	216
83	216
84	216
85	216
86	216
87	216
88	216
89	216
89	-4
90	-4
91	-4
92	-4
93	-4
94	-4
94	113.583
95	113.583
96	155.392
97	153.363
98	152.156
99	151.366
100	150.815
101	150.415
102	150.113
103	149.876
104	149.68
105	149.507
106	149.34
107	149.165
108	148.964
109	148.718
110	148.398
111	147.962
112	147.339
113	146.392
114	144.807
115	141.856
116	136.234
117	127.469
118	118.513
119	112.264
120	108
121	103.726
122	97.4379
123	88.3968
124	79.5125
125	73.797
126	70.7718
127	69.1241
128	68.1202
129	67.4453
130	66.9597
131	66.5923
132	66.3009
133	66.0571
134	65.8403
135	65.6334
136	65.4208
137	65.1864
138	64.9113
139	64.5709
140	64.1307
141	63.5376
142	62.7003
143	61.4367
144	59.3315
145	55.4094
146	47.9213
147	36.2634
148	24.4803
149	16.5773
149	-220
150	-220
151	-220
152	-220
153	-220
154	-220
154	-102.226
155	-102.226
156	-60.6078
157	-62.6373
158	-63.8436
159	-64.6337
160	-65.1846
161	-65.5852
162	-65.8871
163	-66.1241
164	-66.32
165	-66.4933
166	-66.6599
167	-66.835
168	-67.0355
169	-67.2819
170	-67.6022
171	-68.0382
172	-68.6608
173	-69.6082
174	-71.1929
175	-74.1437
176	-79.7663
177	-88.5311
178	-97.4868
179	-103.736
180	-108
181	-112.274
182	-118.562
183	-127.603
184	-136.488
185	-142.203
186	-145.228
187	-146.876
188	-147.88
189	-148.555
190	-149.04
191	-149.408
192	-149.699
193	-149.943
194	-150.16
195	-150.367
196	-150.579
197	-150.814
198	-151.089
199	-151.429
200	-151.869
201	-152.462
202	-153.3
203	-154.563
204	-156.669
205	-160.591
206	-168.079
207	-179.737
208	-191.52
209	-199.423
209	-216
210	-216
211	-216
212	-216
213	-216
214	-216
214	-216
215	-216
216	-216
217	-216
218	-216
219	-216
220	-216
221	-216
222	-216
223	-216
224	-216
225	-216
226	-216
227	-216
228	-216
229	-216
230	-216
231	-216
232	-216
233	-216
234	-216
235	-216
236	-216
237	-216
238	-216
239	-216
240	-216
241	-216
242	-216
243	-216
244	-216
245	-216
246	-216
247	-216
248	-216
249	-216
250	-216
251	-216
252	-216
253	-216
254	-216
255	-216
256	-216
257	-216
258	-216
259	-216
260	-216
261	-216
262	-216
263	-216
264	-216
265	-216
266	-216
267	-216
268	-216
269	-216
269	4
270	4
271	4
272	4
273	4
274	4
274	-113.868
275	-113.868
276	-155.392
277	-153.363
278	-152.156
279	-151.366
280	-150.815
281	-150.415
282	-150.113
283	-149.876
284	-149.68
285	-149.507
286	-149.34
287	-149.165
288	-148.965
289	-148.718
290	-148.398
291	-147.962
292	-147.339
293	-146.392
294	-144.807
295	-141.856
296	-136.234
297	-127.469
298	-118.513
299	-112.264
300	-108
301	-103.726
302	-97.4379
303	-88.3968
304	-79.5125
305	-73.797
306	-70.7718
307	-69.1241
308	-68.1202
309	-67.4453
310	-66.9597
311	-66.5923
312	-66.3009
313	-66.0571
314	-65.8403
315	-65.6334
316	-65.4208
317	-65.1864
318	-64.9113
319	-64.5709
320	-64.1307
321	-63.5377
322	-62.7003
323	-61.4367
324	-59.3315
325	-55.4094
326	-47.9213
327	-36.2635
328	-24.4804
329	-16.5774
329	220
330	220
331	220
332	220
333	220
334	220
334	102.122
335	102.122
336	60.6078
337	62.6373
338	63.8436
339	64.6337
340	65.1845
341	65.5851
342	65.887
343	66.124
344	66.3199
345	66.4932
346	66.6598
347	66.835
348	67.0355
349	67.2819
350	67.6022
351	68.0382
352	68.6607
353	69.6081
354	71.1929
355	74.1436
356	79.7663
357	88.5311
358	97.4868
359	103.736
360	108
360	220
Line Voltage vab
