Induced Winding Voltages at Rated Speed
Electric Degree
(Volts)
0	0.000000
1	2.870220
2	7.084746
3	13.133876
4	19.066482
5	22.886916
6	24.906712
7	26.004947
8	26.672936
9	27.121660
10	27.444782
11	27.690381
12	27.887265
13	28.055030
14	28.208556
15	28.360522
16	28.523183
17	28.709979
18	28.937373
19	29.227416
20	29.611962
21	30.140935
22	30.901605
23	32.070184
24	34.053795
25	37.814168
26	45.078417
27	56.420264
28	67.761535
29	75.024021
30	78.781334
31	80.760402
32	81.922671
33	82.674867
34	83.192658
35	83.562588
36	83.833599
37	84.036231
38	84.190752
39	84.311192
40	84.407618
41	84.487549
42	84.556878
43	84.620528
44	84.682963
45	84.748630
46	84.822421
47	84.910236
48	85.019747
49	85.161596
50	85.351439
51	85.614042
52	85.992899
53	86.576010
54	87.566856
55	89.446237
56	93.077660
57	98.747941
58	104.417954
59	108.048556
60	109.926517
61	110.915257
62	111.495454
63	111.870414
64	112.127903
65	112.311110
66	112.444400
67	112.542906
68	112.616590
69	112.672244
70	112.714611
71	112.747070
72	112.772067
73	112.791397
74	112.806393
75	112.818058
76	112.827148
77	112.834243
78	112.839786
79	112.844118
80	112.847503
81	112.850147
82	112.852206
83	112.853806
84	112.855040
85	112.855981
86	112.856685
87	112.857195
88	112.857538
89	112.857737
90	112.857802
91	112.857737
92	112.857538
93	112.857195
94	112.856685
95	112.855981
96	112.855040
97	112.853806
98	112.852206
99	112.850147
100	112.847503
101	112.844118
102	112.839786
103	112.834243
104	112.827148
105	112.818058
106	112.806393
107	112.791397
108	112.772067
109	112.747070
110	112.714611
111	112.672244
112	112.616590
113	112.542906
114	112.444400
115	112.311110
116	112.127903
117	111.870414
118	111.495454
119	110.915257
120	109.926517
121	108.048556
122	104.417954
123	98.747941
124	93.077660
125	89.446237
126	87.566856
127	86.576010
128	85.992899
129	85.614042
130	85.351439
131	85.161596
132	85.019747
133	84.910236
134	84.822421
135	84.748630
136	84.682963
137	84.620528
138	84.556878
139	84.487549
140	84.407618
141	84.311192
142	84.190752
143	84.036231
144	83.833599
145	83.562588
146	83.192658
147	82.674867
148	81.922671
149	80.760402
150	78.781334
151	75.024021
152	67.761535
153	56.420264
154	45.078417
155	37.814168
156	34.053795
157	32.070184
158	30.901605
159	30.140935
160	29.611962
161	29.227416
162	28.937373
163	28.709979
164	28.523183
165	28.360522
166	28.208556
167	28.055030
168	27.887265
169	27.690381
170	27.444782
171	27.121660
172	26.672936
173	26.004947
174	24.906712
175	22.886916
176	19.066482
177	13.133876
178	7.084746
179	2.870220
180	0.000000
181	-2.870220
182	-7.084746
183	-13.133876
184	-19.066482
185	-22.886916
186	-24.906712
187	-26.004947
188	-26.672936
189	-27.121660
190	-27.444782
191	-27.690381
192	-27.887265
193	-28.055030
194	-28.208556
195	-28.360522
196	-28.523183
197	-28.709979
198	-28.937373
199	-29.227416
200	-29.611962
201	-30.140935
202	-30.901605
203	-32.070184
204	-34.053795
205	-37.814168
206	-45.078417
207	-56.420264
208	-67.761535
209	-75.024021
210	-78.781334
211	-80.760402
212	-81.922671
213	-82.674867
214	-83.192658
215	-83.562588
216	-83.833599
217	-84.036231
218	-84.190752
219	-84.311192
220	-84.407618
221	-84.487549
222	-84.556878
223	-84.620528
224	-84.682963
225	-84.748630
226	-84.822421
227	-84.910236
228	-85.019747
229	-85.161596
230	-85.351439
231	-85.614042
232	-85.992899
233	-86.576010
234	-87.566856
235	-89.446237
236	-93.077660
237	-98.747941
238	-104.417954
239	-108.048556
240	-109.926517
241	-110.915257
242	-111.495454
243	-111.870414
244	-112.127903
245	-112.311110
246	-112.444400
247	-112.542906
248	-112.616590
249	-112.672244
250	-112.714611
251	-112.747070
252	-112.772067
253	-112.791397
254	-112.806393
255	-112.818058
256	-112.827148
257	-112.834243
258	-112.839786
259	-112.844118
260	-112.847503
261	-112.850147
262	-112.852206
263	-112.853806
264	-112.855040
265	-112.855981
266	-112.856685
267	-112.857195
268	-112.857538
269	-112.857737
270	-112.857802
271	-112.857737
272	-112.857538
273	-112.857195
274	-112.856685
275	-112.855981
276	-112.855040
277	-112.853806
278	-112.852206
279	-112.850147
280	-112.847503
281	-112.844118
282	-112.839786
283	-112.834243
284	-112.827148
285	-112.818058
286	-112.806393
287	-112.791397
288	-112.772067
289	-112.747070
290	-112.714611
291	-112.672244
292	-112.616590
293	-112.542906
294	-112.444400
295	-112.311110
296	-112.127903
297	-111.870414
298	-111.495454
299	-110.915257
300	-109.926517
301	-108.048556
302	-104.417954
303	-98.747941
304	-93.077660
305	-89.446237
306	-87.566856
307	-86.576010
308	-85.992899
309	-85.614042
310	-85.351439
311	-85.161596
312	-85.019747
313	-84.910236
314	-84.822421
315	-84.748630
316	-84.682963
317	-84.620528
318	-84.556878
319	-84.487549
320	-84.407618
321	-84.311192
322	-84.190752
323	-84.036231
324	-83.833599
325	-83.562588
326	-83.192658
327	-82.674867
328	-81.922671
329	-80.760402
330	-78.781334
331	-75.024021
332	-67.761535
333	-56.420264
334	-45.078417
335	-37.814168
336	-34.053795
337	-32.070184
338	-30.901605
339	-30.140935
340	-29.611962
341	-29.227416
342	-28.937373
343	-28.709979
344	-28.523183
345	-28.360522
346	-28.208556
347	-28.055030
348	-27.887265
349	-27.690381
350	-27.444782
351	-27.121660
352	-26.672936
353	-26.004947
354	-24.906712
355	-22.886916
356	-19.066482
357	-13.133876
358	-7.084746
359	-2.870220
360	0.000000
Phase Voltage ea
0	109.926517
1	113.785477
2	118.580200
3	125.004290
4	131.194386
5	135.198027
6	137.351111
7	138.547852
8	139.289526
9	139.793904
10	140.159393
11	140.437451
12	140.659332
13	140.846427
14	141.014949
15	141.178580
16	141.350331
17	141.544222
18	141.777159
19	142.071534
20	142.459466
21	142.991081
22	143.753811
23	144.923990
24	146.908835
25	150.670149
26	157.935103
27	169.277459
28	180.619073
29	187.881758
30	191.639137
31	193.618139
32	194.780210
33	195.532061
34	196.049344
35	196.418569
36	196.688639
37	196.890037
38	197.042959
39	197.161338
40	197.255121
41	197.331667
42	197.396664
43	197.454772
44	197.510112
45	197.566688
46	197.628815
47	197.701633
48	197.791814
49	197.908666
50	198.066050
51	198.286286
52	198.609489
53	199.118916
54	200.011256
55	201.757348
56	205.205563
57	210.618354
58	215.913407
59	218.963814
60	219.853034
61	218.963814
62	215.913407
63	210.618354
64	205.205563
65	201.757348
66	200.011256
67	199.118916
68	198.609489
69	198.286286
70	198.066050
71	197.908666
72	197.791814
73	197.701633
74	197.628815
75	197.566688
76	197.510112
77	197.454772
78	197.396664
79	197.331667
80	197.255121
81	197.161338
82	197.042959
83	196.890037
84	196.688639
85	196.418569
86	196.049344
87	195.532061
88	194.780210
89	193.618139
90	191.639137
91	187.881758
92	180.619073
93	169.277459
94	157.935103
95	150.670149
96	146.908835
97	144.923990
98	143.753811
99	142.991081
100	142.459466
101	142.071534
102	141.777159
103	141.544222
104	141.350331
105	141.178580
106	141.014949
107	140.846427
108	140.659332
109	140.437451
110	140.159393
111	139.793904
112	139.289526
113	138.547852
114	137.351111
115	135.198027
116	131.194386
117	125.004290
118	118.580200
119	113.785477
120	109.926517
121	105.178336
122	97.333207
123	85.614065
124	74.011178
125	66.559321
126	62.660144
127	60.571064
128	59.319963
129	58.492382
130	57.906657
131	57.471215
132	57.132482
133	56.855206
134	56.613866
135	56.388108
136	56.159780
137	55.910549
138	55.619504
139	55.260133
140	54.795655
141	54.170257
142	53.289148
143	51.966048
144	49.779805
145	45.748421
146	38.114241
147	26.254603
148	14.161136
149	5.736382
150	0.000000
151	-5.736382
152	-14.161136
153	-26.254603
154	-38.114241
155	-45.748421
156	-49.779805
157	-51.966048
158	-53.289148
159	-54.170257
160	-54.795655
161	-55.260133
162	-55.619504
163	-55.910549
164	-56.159780
165	-56.388108
166	-56.613866
167	-56.855206
168	-57.132482
169	-57.471215
170	-57.906657
171	-58.492382
172	-59.319963
173	-60.571064
174	-62.660144
175	-66.559321
176	-74.011178
177	-85.614065
178	-97.333207
179	-105.178336
180	-109.926517
181	-113.785477
182	-118.580200
183	-125.004290
184	-131.194386
185	-135.198027
186	-137.351111
187	-138.547852
188	-139.289526
189	-139.793904
190	-140.159393
191	-140.437451
192	-140.659332
193	-140.846427
194	-141.014949
195	-141.178580
196	-141.350331
197	-141.544222
198	-141.777159
199	-142.071534
200	-142.459466
201	-142.991081
202	-143.753811
203	-144.923990
204	-146.908835
205	-150.670149
206	-157.935103
207	-169.277459
208	-180.619073
209	-187.881758
210	-191.639137
211	-193.618139
212	-194.780210
213	-195.532061
214	-196.049344
215	-196.418569
216	-196.688639
217	-196.890037
218	-197.042959
219	-197.161338
220	-197.255121
221	-197.331667
222	-197.396664
223	-197.454772
224	-197.510112
225	-197.566688
226	-197.628815
227	-197.701633
228	-197.791814
229	-197.908666
230	-198.066050
231	-198.286286
232	-198.609489
233	-199.118916
234	-200.011256
235	-201.757348
236	-205.205563
237	-210.618354
238	-215.913407
239	-218.963814
240	-219.853034
241	-218.963814
242	-215.913407
243	-210.618354
244	-205.205563
245	-201.757348
246	-200.011256
247	-199.118916
248	-198.609489
249	-198.286286
250	-198.066050
251	-197.908666
252	-197.791814
253	-197.701633
254	-197.628815
255	-197.566688
256	-197.510112
257	-197.454772
258	-197.396664
259	-197.331667
260	-197.255121
261	-197.161338
262	-197.042959
263	-196.890037
264	-196.688639
265	-196.418569
266	-196.049344
267	-195.532061
268	-194.780210
269	-193.618139
270	-191.639137
271	-187.881758
272	-180.619073
273	-169.277459
274	-157.935103
275	-150.670149
276	-146.908835
277	-144.923990
278	-143.753811
279	-142.991081
280	-142.459466
281	-142.071534
282	-141.777159
283	-141.544222
284	-141.350331
285	-141.178580
286	-141.014949
287	-140.846427
288	-140.659332
289	-140.437451
290	-140.159393
291	-139.793904
292	-139.289526
293	-138.547852
294	-137.351111
295	-135.198027
296	-131.194386
297	-125.004290
298	-118.580200
299	-113.785477
300	-109.926517
301	-105.178336
302	-97.333207
303	-85.614065
304	-74.011178
305	-66.559321
306	-62.660144
307	-60.571064
308	-59.319963
309	-58.492382
310	-57.906657
311	-57.471215
312	-57.132482
313	-56.855206
314	-56.613866
315	-56.388108
316	-56.159780
317	-55.910549
318	-55.619504
319	-55.260133
320	-54.795655
321	-54.170257
322	-53.289148
323	-51.966048
324	-49.779805
325	-45.748421
326	-38.114241
327	-26.254603
328	-14.161136
329	-5.736382
330	0.000000
331	5.736382
332	14.161136
333	26.254603
334	38.114241
335	45.748421
336	49.779805
337	51.966048
338	53.289148
339	54.170257
340	54.795655
341	55.260133
342	55.619504
343	55.910549
344	56.159780
345	56.388108
346	56.613866
347	56.855206
348	57.132482
349	57.471215
350	57.906657
351	58.492382
352	59.319963
353	60.571064
354	62.660144
355	66.559321
356	74.011178
357	85.614065
358	97.333207
359	105.178336
360	109.926517
Line Voltage eab
