Winding Currents under Load 
Electric Degree
(Amperes)
0	2.76906
1	2.93091
2	2.74807
3	2.72326
4	2.73204
5	2.75165
6	2.77553
7	2.80143
8	2.82831
9	2.85568
10	2.88326
11	2.91088
12	2.93844
13	2.96586
14	2.99309
15	3.0201
16	3.04689
17	3.07344
18	3.09976
19	3.12587
20	3.15181
21	3.1776
22	3.20333
23	3.22907
24	3.25495
25	3.28115
26	3.30792
27	3.33564
28	3.36492
29	3.3968
29	2.01236e-11
30	0.419587
31	0.828191
32	1.22106
33	1.59242
34	1.9592
35	2.02996
36	2.07975
37	2.12804
38	2.17538
39	2.22185
40	2.26749
41	2.31233
42	2.35638
43	2.39963
44	2.44207
45	2.48368
46	2.52443
47	2.56426
48	2.60313
49	2.64093
50	2.67755
51	2.71281
52	2.74643
53	2.7779
54	2.80622
55	2.82914
56	2.84219
57	2.84025
58	2.82368
59	2.79848
60	2.77045
61	2.74435
62	2.72586
63	2.72083
64	2.72971
65	2.74933
66	2.77324
67	2.79915
68	2.82604
69	2.85343
70	2.88102
71	2.90866
72	2.93623
73	2.96367
74	2.99091
75	3.01794
76	3.04474
77	3.07131
78	3.09765
79	3.12378
80	3.14973
81	3.17554
82	3.20128
83	3.22703
84	3.25293
85	3.27915
86	3.30593
87	3.33367
88	3.36296
89	3.39486
89	2.01243e-11
90	0.419591
91	0.828199
92	1.22107
93	1.59244
94	1.9583
95	2.02899
96	2.07877
97	2.12707
98	2.17441
99	2.22088
100	2.26652
101	2.31136
102	2.35541
103	2.39866
104	2.44111
105	2.48272
106	2.52347
107	2.56331
108	2.60218
109	2.63999
110	2.67662
111	2.71188
112	2.7455
113	2.77698
114	2.8053
115	2.82822
116	2.84128
117	2.83935
118	2.82278
119	2.79759
120	2.76957
121	2.74347
122	2.72498
123	2.71996
124	2.72885
125	2.74848
126	2.77239
127	2.79831
128	2.82521
129	2.8526
130	2.8802
131	2.90784
132	2.93542
133	2.96286
134	2.99011
135	3.01715
136	3.04396
137	3.07053
138	3.09687
139	3.12301
140	3.14896
141	3.17478
142	3.20052
143	3.22629
144	3.25219
145	3.27841
146	3.3052
147	3.33295
148	3.36224
149	3.39415
149	2.01242e-11
150	0.419592
151	0.828202
152	1.22108
153	1.59245
154	1.95796
155	2.02863
156	2.07841
157	2.12671
158	2.17405
159	2.22052
160	2.26617
161	2.31101
162	2.35506
163	2.39831
164	2.44076
165	2.48237
166	2.52312
167	2.56297
168	2.60183
169	2.63964
170	2.67627
171	2.71154
172	2.74516
173	2.77664
174	2.80496
175	2.82789
176	2.84095
177	2.83902
178	2.82245
179	2.79726
180	2.76924
181	2.74315
182	2.72466
183	2.71964
184	2.72854
185	2.74817
186	2.77208
187	2.798
188	2.8249
189	2.85229
190	2.8799
191	2.90754
192	2.93512
193	2.96256
194	2.98982
195	3.01686
196	3.04367
197	3.07024
198	3.09659
199	3.12272
200	3.14868
201	3.1745
202	3.20025
203	3.22601
204	3.25192
205	3.27814
206	3.30493
207	3.33268
208	3.36198
209	3.39389
209	2.01243e-11
210	0.419593
211	0.828203
212	1.22108
213	1.59245
214	1.95784
215	2.02849
216	2.07828
217	2.12658
218	2.17392
219	2.22039
220	2.26604
221	2.31088
222	2.35493
223	2.39818
224	2.44063
225	2.48224
226	2.52299
227	2.56284
228	2.60171
229	2.63952
230	2.67614
231	2.71141
232	2.74503
233	2.77651
234	2.80484
235	2.82776
236	2.84083
237	2.8389
238	2.82233
239	2.79714
240	2.76912
241	2.74303
242	2.72455
243	2.71953
244	2.72842
245	2.74805
246	2.77196
247	2.79788
248	2.82479
249	2.85218
250	2.87979
251	2.90743
252	2.93501
253	2.96245
254	2.98971
255	3.01675
256	3.04356
257	3.07013
258	3.09648
259	3.12262
260	3.14858
261	3.1744
262	3.20014
263	3.22591
264	3.25181
265	3.27804
266	3.30483
267	3.33258
268	3.36188
269	3.39379
269	2.01235e-11
270	0.419593
271	0.828203
272	1.22108
273	1.59245
274	1.9578
275	2.02845
276	2.07823
277	2.12653
278	2.17387
279	2.22034
280	2.26599
281	2.31083
282	2.35488
283	2.39813
284	2.44058
285	2.4822
286	2.52295
287	2.56279
288	2.60166
289	2.63947
290	2.6761
291	2.71136
292	2.74499
293	2.77647
294	2.80479
295	2.82772
296	2.84078
297	2.83885
298	2.82229
299	2.79709
300	2.76908
301	2.74298
302	2.7245
303	2.71948
304	2.72838
305	2.74801
306	2.77192
307	2.79784
308	2.82475
309	2.85214
310	2.87974
311	2.90739
312	2.93497
313	2.96241
314	2.98967
315	3.01671
316	3.04352
317	3.07009
318	3.09644
319	3.12258
320	3.14854
321	3.17436
322	3.20011
323	3.22587
324	3.25178
325	3.278
326	3.3048
327	3.33254
328	3.36185
329	3.39375
329	2.01243e-11
330	0.419593
331	0.828203
332	1.22108
333	1.59245
334	1.95778
335	2.02843
336	2.07821
337	2.12651
338	2.17385
339	2.22032
340	2.26597
341	2.31081
342	2.35486
343	2.39812
344	2.44056
345	2.48218
346	2.52293
347	2.56277
348	2.60164
349	2.63945
350	2.67608
351	2.71135
352	2.74497
353	2.77645
354	2.80477
355	2.8277
356	2.84076
357	2.83883
358	2.82227
359	2.79708
360	2.76906
Source Current
0	1.12e-10
1	0.376281
2	-1.64396e-11
3	9.23248e-11
4	8.34076e-11
5	7.76697e-11
6	7.46315e-11
7	7.29759e-11
8	7.19664e-11
9	7.1287e-11
10	7.07976e-11
11	7.04269e-11
12	7.01322e-11
13	6.98854e-11
14	6.96656e-11
15	6.94557e-11
16	6.92401e-11
17	6.90025e-11
18	6.87239e-11
19	6.83797e-11
20	6.79353e-11
21	6.73371e-11
22	6.64935e-11
23	6.52216e-11
24	6.31039e-11
25	5.91606e-11
26	5.16337e-11
27	3.99159e-11
28	2.80708e-11
29	2.01236e-11
30	0.419587
31	0.828191
32	1.22106
33	1.59242
34	1.9592
35	2.02996
36	2.07975
37	2.12804
38	2.17538
39	2.22185
40	2.26749
41	2.31233
42	2.35638
43	2.39963
44	2.44207
45	2.48368
46	2.52443
47	2.56426
48	2.60313
49	2.64093
50	2.67755
51	2.71281
52	2.74643
53	2.7779
54	2.80622
55	2.82914
56	2.84219
57	2.84025
58	2.82368
59	2.79848
60	2.77045
61	2.74435
62	2.72586
63	2.72083
64	2.72971
65	2.74933
66	2.77324
67	2.79915
68	2.82604
69	2.85343
70	2.88102
71	2.90866
72	2.93623
73	2.96367
74	2.99091
75	3.01794
76	3.04474
77	3.07131
78	3.09765
79	3.12378
80	3.14973
81	3.17554
82	3.20128
83	3.22703
84	3.25293
85	3.27915
86	3.30593
87	3.33367
88	3.36296
89	3.39486
90	3.0705
91	2.76204
92	2.46625
93	2.19088
94	1.9583
95	2.02899
96	2.07877
97	2.12707
98	2.17441
99	2.22088
100	2.26652
101	2.31136
102	2.35541
103	2.39866
104	2.44111
105	2.48272
106	2.52347
107	2.56331
108	2.60218
109	2.63999
110	2.67662
111	2.71188
112	2.7455
113	2.77698
114	2.8053
115	2.82822
116	2.84128
117	2.83935
118	2.82278
119	2.79759
120	2.76957
121	2.74347
122	2.72498
123	2.71996
124	2.72885
125	2.74848
126	2.77239
127	2.79831
128	2.82521
129	2.8526
130	2.8802
131	2.90784
132	2.93542
133	2.96286
134	2.99011
135	3.01715
136	3.04396
137	3.07053
138	3.09687
139	3.12301
140	3.14896
141	3.17478
142	3.20052
143	3.22629
144	3.25219
145	3.27841
146	3.3052
147	3.33295
148	3.36224
149	3.39415
150	2.6502
151	1.93313
152	1.24447
153	0.597735
154	-2.95084e-12
155	6.05968e-11
156	6.44189e-11
157	6.64543e-11
158	6.76659e-11
159	6.84596e-11
160	6.90131e-11
161	6.94158e-11
162	6.97194e-11
163	6.99578e-11
164	7.01549e-11
165	7.03294e-11
166	7.04972e-11
167	7.06735e-11
168	7.08753e-11
169	7.11232e-11
170	7.14453e-11
171	7.18835e-11
172	7.2509e-11
173	7.34605e-11
174	7.50519e-11
175	7.80144e-11
176	8.36589e-11
177	9.24573e-11
178	1.01447e-10
179	1.0772e-10
180	-1.12e-10
181	-1.0771e-10
182	-1.01399e-10
183	-9.23241e-11
184	-8.34076e-11
185	-7.76696e-11
186	-7.46315e-11
187	-7.29759e-11
188	-7.19665e-11
189	-7.1287e-11
190	-7.07977e-11
191	-7.04269e-11
192	-7.01323e-11
193	-6.98855e-11
194	-6.96657e-11
195	-6.94558e-11
196	-6.92402e-11
197	-6.90026e-11
198	-6.8724e-11
199	-6.83799e-11
200	-6.79355e-11
201	-6.73373e-11
202	-6.64937e-11
203	-6.52219e-11
204	-6.31042e-11
205	-5.91609e-11
206	-5.1634e-11
207	-3.99163e-11
208	-2.80714e-11
209	-2.01242e-11
210	-0.419593
211	-0.828203
212	-1.22108
213	-1.59245
214	-1.95784
215	-2.02849
216	-2.07828
217	-2.12658
218	-2.17392
219	-2.22039
220	-2.26604
221	-2.31088
222	-2.35493
223	-2.39818
224	-2.44063
225	-2.48224
226	-2.52299
227	-2.56284
228	-2.60171
229	-2.63952
230	-2.67614
231	-2.71141
232	-2.74503
233	-2.77651
234	-2.80484
235	-2.82776
236	-2.84083
237	-2.8389
238	-2.82233
239	-2.79714
240	-2.76912
241	-2.74303
242	-2.72455
243	-2.71953
244	-2.72842
245	-2.74805
246	-2.77196
247	-2.79788
248	-2.82479
249	-2.85218
250	-2.87979
251	-2.90743
252	-2.93501
253	-2.96245
254	-2.98971
255	-3.01675
256	-3.04356
257	-3.07013
258	-3.09648
259	-3.12262
260	-3.14858
261	-3.1744
262	-3.20014
263	-3.22591
264	-3.25181
265	-3.27804
266	-3.30483
267	-3.33258
268	-3.36188
269	-3.39379
270	-3.06943
271	-2.76098
272	-2.46519
273	-2.18983
274	-1.9578
275	-2.02845
276	-2.07823
277	-2.12653
278	-2.17387
279	-2.22034
280	-2.26599
281	-2.31083
282	-2.35488
283	-2.39813
284	-2.44058
285	-2.4822
286	-2.52295
287	-2.56279
288	-2.60166
289	-2.63947
290	-2.6761
291	-2.71136
292	-2.74499
293	-2.77647
294	-2.80479
295	-2.82772
296	-2.84078
297	-2.83885
298	-2.82229
299	-2.79709
300	-2.76908
301	-2.74298
302	-2.7245
303	-2.71948
304	-2.72838
305	-2.74801
306	-2.77192
307	-2.79784
308	-2.82475
309	-2.85214
310	-2.87974
311	-2.90739
312	-2.93497
313	-2.96241
314	-2.98967
315	-3.01671
316	-3.04352
317	-3.07009
318	-3.09644
319	-3.12258
320	-3.14854
321	-3.17436
322	-3.20011
323	-3.22587
324	-3.25178
325	-3.278
326	-3.3048
327	-3.33254
328	-3.36185
329	-3.39375
330	-2.6498
331	-1.93274
332	-1.24408
333	-0.597345
334	3.06111e-12
335	-6.05967e-11
336	-6.44188e-11
337	-6.64542e-11
338	-6.76658e-11
339	-6.84595e-11
340	-6.90131e-11
341	-6.94157e-11
342	-6.97193e-11
343	-6.99577e-11
344	-7.01549e-11
345	-7.03294e-11
346	-7.04971e-11
347	-7.06735e-11
348	-7.08753e-11
349	-7.11232e-11
350	-7.14452e-11
351	-7.18835e-11
352	-7.25089e-11
353	-7.34605e-11
354	-7.50519e-11
355	-7.80144e-11
356	-8.36589e-11
357	-9.24572e-11
358	-1.01447e-10
359	-1.0772e-10
360	1.12e-10
Phase Current ia
0	-2.76906
1	-2.93091
2	-2.74807
3	-2.72326
4	-2.73204
5	-2.75165
6	-2.77553
7	-2.80143
8	-2.82831
9	-2.85568
10	-2.88326
11	-2.91088
12	-2.93844
13	-2.96586
14	-2.99309
15	-3.0201
16	-3.04689
17	-3.07344
18	-3.09976
19	-3.12587
20	-3.15181
21	-3.1776
22	-3.20333
23	-3.22907
24	-3.25495
25	-3.28115
26	-3.30792
27	-3.33564
28	-3.36492
29	-3.3968
30	-3.07242
31	-2.76395
32	-2.46816
33	-2.19278
34	-1.9592
35	-2.02996
36	-2.07975
37	-2.12804
38	-2.17538
39	-2.22185
40	-2.26749
41	-2.31233
42	-2.35638
43	-2.39963
44	-2.44207
45	-2.48368
46	-2.52443
47	-2.56426
48	-2.60313
49	-2.64093
50	-2.67755
51	-2.71281
52	-2.74643
53	-2.7779
54	-2.80622
55	-2.82914
56	-2.84219
57	-2.84025
58	-2.82368
59	-2.79848
60	-2.77045
61	-2.74435
62	-2.72586
63	-2.72083
64	-2.72971
65	-2.74933
66	-2.77324
67	-2.79915
68	-2.82604
69	-2.85343
70	-2.88102
71	-2.90866
72	-2.93623
73	-2.96367
74	-2.99091
75	-3.01794
76	-3.04474
77	-3.07131
78	-3.09765
79	-3.12378
80	-3.14973
81	-3.17554
82	-3.20128
83	-3.22703
84	-3.25293
85	-3.27915
86	-3.30593
87	-3.33367
88	-3.36296
89	-3.39486
90	-2.65091
91	-1.93384
92	-1.24517
93	-0.59844
94	2.75147e-12
95	-6.0597e-11
96	-6.44191e-11
97	-6.64545e-11
98	-6.7666e-11
99	-6.84598e-11
100	-6.90133e-11
101	-6.94159e-11
102	-6.97195e-11
103	-6.99579e-11
104	-7.01551e-11
105	-7.03296e-11
106	-7.04973e-11
107	-7.06737e-11
108	-7.08754e-11
109	-7.11233e-11
110	-7.14453e-11
111	-7.18836e-11
112	-7.2509e-11
113	-7.34606e-11
114	-7.5052e-11
115	-7.80145e-11
116	-8.36589e-11
117	-9.24573e-11
118	-1.01447e-10
119	-1.0772e-10
120	1.12e-10
121	1.0771e-10
122	1.01399e-10
123	9.23241e-11
124	8.34076e-11
125	7.76696e-11
126	7.46315e-11
127	7.29759e-11
128	7.19665e-11
129	7.1287e-11
130	7.07977e-11
131	7.04269e-11
132	7.01323e-11
133	6.98855e-11
134	6.96657e-11
135	6.94558e-11
136	6.92402e-11
137	6.90026e-11
138	6.8724e-11
139	6.83799e-11
140	6.79354e-11
141	6.73373e-11
142	6.64937e-11
143	6.52218e-11
144	6.31042e-11
145	5.91609e-11
146	5.1634e-11
147	3.99163e-11
148	2.80713e-11
149	2.01242e-11
150	0.419592
151	0.828202
152	1.22108
153	1.59245
154	1.95796
155	2.02863
156	2.07841
157	2.12671
158	2.17405
159	2.22052
160	2.26617
161	2.31101
162	2.35506
163	2.39831
164	2.44076
165	2.48237
166	2.52312
167	2.56297
168	2.60183
169	2.63964
170	2.67627
171	2.71154
172	2.74516
173	2.77664
174	2.80496
175	2.82789
176	2.84095
177	2.83902
178	2.82245
179	2.79726
180	2.76924
181	2.74315
182	2.72466
183	2.71964
184	2.72854
185	2.74817
186	2.77208
187	2.798
188	2.8249
189	2.85229
190	2.8799
191	2.90754
192	2.93512
193	2.96256
194	2.98982
195	3.01686
196	3.04367
197	3.07024
198	3.09659
199	3.12272
200	3.14868
201	3.1745
202	3.20025
203	3.22601
204	3.25192
205	3.27814
206	3.30493
207	3.33268
208	3.36198
209	3.39389
210	3.06953
211	2.76107
212	2.46529
213	2.18992
214	1.95784
215	2.02849
216	2.07828
217	2.12658
218	2.17392
219	2.22039
220	2.26604
221	2.31088
222	2.35493
223	2.39818
224	2.44063
225	2.48224
226	2.52299
227	2.56284
228	2.60171
229	2.63952
230	2.67614
231	2.71141
232	2.74503
233	2.77651
234	2.80484
235	2.82776
236	2.84083
237	2.8389
238	2.82233
239	2.79714
240	2.76912
241	2.74303
242	2.72455
243	2.71953
244	2.72842
245	2.74805
246	2.77196
247	2.79788
248	2.82479
249	2.85218
250	2.87979
251	2.90743
252	2.93501
253	2.96245
254	2.98971
255	3.01675
256	3.04356
257	3.07013
258	3.09648
259	3.12262
260	3.14858
261	3.1744
262	3.20014
263	3.22591
264	3.25181
265	3.27804
266	3.30483
267	3.33258
268	3.36188
269	3.39379
270	2.64984
271	1.93277
272	1.24411
273	0.59738
274	-3.05118e-12
275	6.05967e-11
276	6.44188e-11
277	6.64542e-11
278	6.76658e-11
279	6.84595e-11
280	6.90131e-11
281	6.94157e-11
282	6.97193e-11
283	6.99577e-11
284	7.01549e-11
285	7.03294e-11
286	7.04971e-11
287	7.06735e-11
288	7.08753e-11
289	7.11232e-11
290	7.14452e-11
291	7.18835e-11
292	7.25089e-11
293	7.34605e-11
294	7.50519e-11
295	7.80144e-11
296	8.36589e-11
297	9.24573e-11
298	1.01447e-10
299	1.0772e-10
300	-1.12e-10
301	-1.0771e-10
302	-1.01399e-10
303	-9.23241e-11
304	-8.34076e-11
305	-7.76696e-11
306	-7.46315e-11
307	-7.29759e-11
308	-7.19665e-11
309	-7.1287e-11
310	-7.07977e-11
311	-7.04269e-11
312	-7.01323e-11
313	-6.98855e-11
314	-6.96657e-11
315	-6.94558e-11
316	-6.92402e-11
317	-6.90026e-11
318	-6.8724e-11
319	-6.83799e-11
320	-6.79355e-11
321	-6.73374e-11
322	-6.64937e-11
323	-6.52219e-11
324	-6.31042e-11
325	-5.91609e-11
326	-5.1634e-11
327	-3.99164e-11
328	-2.80714e-11
329	-2.01243e-11
330	-0.419593
331	-0.828203
332	-1.22108
333	-1.59245
334	-1.95778
335	-2.02843
336	-2.07821
337	-2.12651
338	-2.17385
339	-2.22032
340	-2.26597
341	-2.31081
342	-2.35486
343	-2.39812
344	-2.44056
345	-2.48218
346	-2.52293
347	-2.56277
348	-2.60164
349	-2.63945
350	-2.67608
351	-2.71135
352	-2.74497
353	-2.77645
354	-2.80477
355	-2.8277
356	-2.84076
357	-2.83883
358	-2.82227
359	-2.79708
360	-2.76906
Phase Current ib
0	2.76906
1	2.55463
2	2.74807
3	2.72326
4	2.73204
5	2.75165
6	2.77553
7	2.80143
8	2.82831
9	2.85568
10	2.88326
11	2.91088
12	2.93844
13	2.96586
14	2.99309
15	3.0201
16	3.04689
17	3.07344
18	3.09976
19	3.12587
20	3.15181
21	3.1776
22	3.20333
23	3.22907
24	3.25495
25	3.28115
26	3.30792
27	3.33564
28	3.36492
29	3.3968
30	2.65283
31	1.93576
32	1.24709
33	0.600356
34	-2.20957e-12
35	6.05969e-11
36	6.44196e-11
37	6.64548e-11
38	6.76663e-11
39	6.84608e-11
40	6.90137e-11
41	6.94165e-11
42	6.97193e-11
43	6.99578e-11
44	7.0155e-11
45	7.033e-11
46	7.04969e-11
47	7.06737e-11
48	7.08762e-11
49	7.11231e-11
50	7.14455e-11
51	7.18843e-11
52	7.25087e-11
53	7.34608e-11
54	7.5052e-11
55	7.8014e-11
56	8.36571e-11
57	9.2458e-11
58	1.01447e-10
59	1.0772e-10
60	-1.12e-10
61	-1.07711e-10
62	-1.01398e-10
63	-9.23239e-11
64	-8.34075e-11
65	-7.76681e-11
66	-7.46305e-11
67	-7.29767e-11
68	-7.19673e-11
69	-7.1287e-11
70	-7.07985e-11
71	-7.04268e-11
72	-7.01319e-11
73	-6.98859e-11
74	-6.96647e-11
75	-6.94556e-11
76	-6.92406e-11
77	-6.90026e-11
78	-6.87241e-11
79	-6.838e-11
80	-6.7935e-11
81	-6.73364e-11
82	-6.64944e-11
83	-6.52225e-11
84	-6.31042e-11
85	-5.91616e-11
86	-5.16338e-11
87	-3.99161e-11
88	-2.80709e-11
89	-2.01243e-11
90	-0.419591
91	-0.828199
92	-1.22107
93	-1.59244
94	-1.9583
95	-2.02899
96	-2.07877
97	-2.12707
98	-2.17441
99	-2.22088
100	-2.26652
101	-2.31136
102	-2.35541
103	-2.39866
104	-2.44111
105	-2.48272
106	-2.52347
107	-2.56331
108	-2.60218
109	-2.63999
110	-2.67662
111	-2.71188
112	-2.7455
113	-2.77698
114	-2.8053
115	-2.82822
116	-2.84128
117	-2.83935
118	-2.82278
119	-2.79759
120	-2.76957
121	-2.74347
122	-2.72498
123	-2.71996
124	-2.72885
125	-2.74848
126	-2.77239
127	-2.79831
128	-2.82521
129	-2.8526
130	-2.8802
131	-2.90784
132	-2.93542
133	-2.96286
134	-2.99011
135	-3.01715
136	-3.04396
137	-3.07053
138	-3.09687
139	-3.12301
140	-3.14896
141	-3.17478
142	-3.20052
143	-3.22629
144	-3.25219
145	-3.27841
146	-3.3052
147	-3.33295
148	-3.36224
149	-3.39415
150	-3.06979
151	-2.76133
152	-2.46555
153	-2.19018
154	-1.95796
155	-2.02863
156	-2.07841
157	-2.12671
158	-2.17405
159	-2.22052
160	-2.26617
161	-2.31101
162	-2.35506
163	-2.39831
164	-2.44076
165	-2.48237
166	-2.52312
167	-2.56297
168	-2.60183
169	-2.63964
170	-2.67627
171	-2.71154
172	-2.74516
173	-2.77664
174	-2.80496
175	-2.82789
176	-2.84095
177	-2.83902
178	-2.82245
179	-2.79726
180	-2.76924
181	-2.74315
182	-2.72466
183	-2.71964
184	-2.72854
185	-2.74817
186	-2.77208
187	-2.798
188	-2.8249
189	-2.85229
190	-2.8799
191	-2.90754
192	-2.93512
193	-2.96256
194	-2.98982
195	-3.01686
196	-3.04367
197	-3.07024
198	-3.09659
199	-3.12272
200	-3.14868
201	-3.1745
202	-3.20025
203	-3.22601
204	-3.25192
205	-3.27814
206	-3.30493
207	-3.33268
208	-3.36198
209	-3.39389
210	-2.64993
211	-1.93287
212	-1.24421
213	-0.597475
214	3.02447e-12
215	-6.05969e-11
216	-6.44187e-11
217	-6.64544e-11
218	-6.76659e-11
219	-6.84608e-11
220	-6.90137e-11
221	-6.94169e-11
222	-6.97198e-11
223	-6.99569e-11
224	-7.01545e-11
225	-7.03295e-11
226	-7.04969e-11
227	-7.06728e-11
228	-7.08753e-11
229	-7.1124e-11
230	-7.14464e-11
231	-7.18843e-11
232	-7.25096e-11
233	-7.34608e-11
234	-7.5052e-11
235	-7.8014e-11
236	-8.36584e-11
237	-9.24558e-11
238	-1.01447e-10
239	-1.07721e-10
240	1.11999e-10
241	1.07711e-10
242	1.01398e-10
243	9.23239e-11
244	8.34066e-11
245	7.76699e-11
246	7.46305e-11
247	7.29758e-11
248	7.19655e-11
249	7.1287e-11
250	7.07976e-11
251	7.04272e-11
252	7.01323e-11
253	6.98854e-11
254	6.96661e-11
255	6.94556e-11
256	6.92397e-11
257	6.90035e-11
258	6.87237e-11
259	6.83791e-11
260	6.79359e-11
261	6.73381e-11
262	6.64944e-11
263	6.52225e-11
264	6.31037e-11
265	5.91611e-11
266	5.16343e-11
267	3.99161e-11
268	2.807e-11
269	2.01235e-11
270	0.419593
271	0.828203
272	1.22108
273	1.59245
274	1.9578
275	2.02845
276	2.07823
277	2.12653
278	2.17387
279	2.22034
280	2.26599
281	2.31083
282	2.35488
283	2.39813
284	2.44058
285	2.4822
286	2.52295
287	2.56279
288	2.60166
289	2.63947
290	2.6761
291	2.71136
292	2.74499
293	2.77647
294	2.80479
295	2.82772
296	2.84078
297	2.83885
298	2.82229
299	2.79709
300	2.76908
301	2.74298
302	2.7245
303	2.71948
304	2.72838
305	2.74801
306	2.77192
307	2.79784
308	2.82475
309	2.85214
310	2.87974
311	2.90739
312	2.93497
313	2.96241
314	2.98967
315	3.01671
316	3.04352
317	3.07009
318	3.09644
319	3.12258
320	3.14854
321	3.17436
322	3.20011
323	3.22587
324	3.25178
325	3.278
326	3.3048
327	3.33254
328	3.36185
329	3.39375
330	3.0694
331	2.76094
332	2.46516
333	2.18979
334	1.95778
335	2.02843
336	2.07821
337	2.12651
338	2.17385
339	2.22032
340	2.26597
341	2.31081
342	2.35486
343	2.39812
344	2.44056
345	2.48218
346	2.52293
347	2.56277
348	2.60164
349	2.63945
350	2.67608
351	2.71135
352	2.74497
353	2.77645
354	2.80477
355	2.8277
356	2.84076
357	2.83883
358	2.82227
359	2.79708
360	2.76906
Phase Current ic
