Induced Winding Voltages at Rated Speed
Electric Degree
(Volts)
0	0.000000
1	2.872386
2	7.090092
3	13.143787
4	19.080870
5	22.904187
6	24.925506
7	26.024570
8	26.693063
9	27.142126
10	27.465492
11	27.711276
12	27.908309
13	28.076200
14	28.229842
15	28.381923
16	28.544707
17	28.731644
18	28.959210
19	29.249471
20	29.634308
21	30.163679
22	30.924923
23	32.094384
24	34.079492
25	37.842702
26	45.112433
27	56.462839
28	67.812668
29	75.080634
30	78.840783
31	80.821344
32	81.984490
33	82.737253
34	83.255435
35	83.625645
36	83.896860
37	84.099645
38	84.254283
39	84.374813
40	84.471312
41	84.551303
42	84.620684
43	84.684383
44	84.746865
45	84.812581
46	84.886428
47	84.974309
48	85.083903
49	85.225859
50	85.415845
51	85.678646
52	86.057790
53	86.641341
54	87.632934
55	89.513734
56	93.147896
57	98.822456
58	104.496747
59	108.130090
60	110.009468
61	110.998954
62	111.579588
63	111.954831
64	112.212515
65	112.395861
66	112.529250
67	112.627831
68	112.701571
69	112.757266
70	112.799665
71	112.832149
72	112.857165
73	112.876509
74	112.891517
75	112.903191
76	112.912288
77	112.919388
78	112.924935
79	112.929270
80	112.932658
81	112.935303
82	112.937365
83	112.938965
84	112.940200
85	112.941142
86	112.941847
87	112.942357
88	112.942701
89	112.942900
90	112.942965
91	112.942900
92	112.942701
93	112.942357
94	112.941847
95	112.941142
96	112.940200
97	112.938965
98	112.937365
99	112.935303
100	112.932658
101	112.929270
102	112.924935
103	112.919388
104	112.912288
105	112.903191
106	112.891517
107	112.876509
108	112.857165
109	112.832149
110	112.799665
111	112.757266
112	112.701571
113	112.627831
114	112.529250
115	112.395861
116	112.212515
117	111.954831
118	111.579588
119	110.998954
120	110.009468
121	108.130090
122	104.496747
123	98.822456
124	93.147896
125	89.513734
126	87.632934
127	86.641341
128	86.057790
129	85.678646
130	85.415845
131	85.225859
132	85.083903
133	84.974309
134	84.886428
135	84.812581
136	84.746865
137	84.684383
138	84.620684
139	84.551303
140	84.471312
141	84.374813
142	84.254283
143	84.099645
144	83.896860
145	83.625645
146	83.255435
147	82.737253
148	81.984490
149	80.821344
150	78.840783
151	75.080634
152	67.812668
153	56.462839
154	45.112433
155	37.842702
156	34.079492
157	32.094384
158	30.924923
159	30.163679
160	29.634308
161	29.249471
162	28.959210
163	28.731644
164	28.544707
165	28.381923
166	28.229842
167	28.076200
168	27.908309
169	27.711276
170	27.465492
171	27.142126
172	26.693063
173	26.024570
174	24.925506
175	22.904187
176	19.080870
177	13.143787
178	7.090092
179	2.872386
180	0.000000
181	-2.872386
182	-7.090092
183	-13.143787
184	-19.080870
185	-22.904187
186	-24.925506
187	-26.024570
188	-26.693063
189	-27.142126
190	-27.465492
191	-27.711276
192	-27.908309
193	-28.076200
194	-28.229842
195	-28.381923
196	-28.544707
197	-28.731644
198	-28.959210
199	-29.249471
200	-29.634308
201	-30.163679
202	-30.924923
203	-32.094384
204	-34.079492
205	-37.842702
206	-45.112433
207	-56.462839
208	-67.812668
209	-75.080634
210	-78.840783
211	-80.821344
212	-81.984490
213	-82.737253
214	-83.255435
215	-83.625645
216	-83.896860
217	-84.099645
218	-84.254283
219	-84.374813
220	-84.471312
221	-84.551303
222	-84.620684
223	-84.684383
224	-84.746865
225	-84.812581
226	-84.886428
227	-84.974309
228	-85.083903
229	-85.225859
230	-85.415845
231	-85.678646
232	-86.057790
233	-86.641341
234	-87.632934
235	-89.513734
236	-93.147896
237	-98.822456
238	-104.496747
239	-108.130090
240	-110.009468
241	-110.998954
242	-111.579588
243	-111.954831
244	-112.212515
245	-112.395861
246	-112.529250
247	-112.627831
248	-112.701571
249	-112.757266
250	-112.799665
251	-112.832149
252	-112.857165
253	-112.876509
254	-112.891517
255	-112.903191
256	-112.912288
257	-112.919388
258	-112.924935
259	-112.929270
260	-112.932658
261	-112.935303
262	-112.937365
263	-112.938965
264	-112.940200
265	-112.941142
266	-112.941847
267	-112.942357
268	-112.942701
269	-112.942900
270	-112.942965
271	-112.942900
272	-112.942701
273	-112.942357
274	-112.941847
275	-112.941142
276	-112.940200
277	-112.938965
278	-112.937365
279	-112.935303
280	-112.932658
281	-112.929270
282	-112.924935
283	-112.919388
284	-112.912288
285	-112.903191
286	-112.891517
287	-112.876509
288	-112.857165
289	-112.832149
290	-112.799665
291	-112.757266
292	-112.701571
293	-112.627831
294	-112.529250
295	-112.395861
296	-112.212515
297	-111.954831
298	-111.579588
299	-110.998954
300	-110.009468
301	-108.130090
302	-104.496747
303	-98.822456
304	-93.147896
305	-89.513734
306	-87.632934
307	-86.641341
308	-86.057790
309	-85.678646
310	-85.415845
311	-85.225859
312	-85.083903
313	-84.974309
314	-84.886428
315	-84.812581
316	-84.746865
317	-84.684383
318	-84.620684
319	-84.551303
320	-84.471312
321	-84.374813
322	-84.254283
323	-84.099645
324	-83.896860
325	-83.625645
326	-83.255435
327	-82.737253
328	-81.984490
329	-80.821344
330	-78.840783
331	-75.080634
332	-67.812668
333	-56.462839
334	-45.112433
335	-37.842702
336	-34.079492
337	-32.094384
338	-30.924923
339	-30.163679
340	-29.634308
341	-29.249471
342	-28.959210
343	-28.731644
344	-28.544707
345	-28.381923
346	-28.229842
347	-28.076200
348	-27.908309
349	-27.711276
350	-27.465492
351	-27.142126
352	-26.693063
353	-26.024570
354	-24.925506
355	-22.904187
356	-19.080870
357	-13.143787
358	-7.090092
359	-2.872386
360	0.000000
Phase Voltage ea
0	110.009468
1	113.871340
2	118.669681
3	125.098618
4	131.293385
5	135.300047
6	137.454757
7	138.652401
8	139.394634
9	139.899392
10	140.265157
11	140.543425
12	140.765474
13	140.952709
14	141.121359
15	141.285113
16	141.456995
17	141.651032
18	141.884145
19	142.178741
20	142.566966
21	143.098983
22	143.862288
23	145.033349
24	147.019692
25	150.783845
26	158.054281
27	169.405196
28	180.755369
29	188.023533
30	191.783748
31	193.764244
32	194.927191
33	195.679610
34	196.197283
35	196.566787
36	196.837061
37	197.038611
38	197.191648
39	197.310116
40	197.403970
41	197.480574
42	197.545619
43	197.603771
44	197.659153
45	197.715772
46	197.777946
47	197.850818
48	197.941068
49	198.058008
50	198.215510
51	198.435913
52	198.759360
53	199.269172
54	200.162184
55	201.909594
56	205.360412
57	210.777287
58	216.076336
59	219.129044
60	220.018935
61	219.129044
62	216.076336
63	210.777287
64	205.360412
65	201.909594
66	200.162184
67	199.269172
68	198.759360
69	198.435913
70	198.215510
71	198.058008
72	197.941068
73	197.850818
74	197.777946
75	197.715772
76	197.659153
77	197.603771
78	197.545619
79	197.480574
80	197.403970
81	197.310116
82	197.191648
83	197.038611
84	196.837061
85	196.566787
86	196.197283
87	195.679610
88	194.927191
89	193.764244
90	191.783748
91	188.023533
92	180.755369
93	169.405196
94	158.054281
95	150.783845
96	147.019692
97	145.033349
98	143.862288
99	143.098983
100	142.566966
101	142.178741
102	141.884145
103	141.651032
104	141.456995
105	141.285113
106	141.121359
107	140.952709
108	140.765474
109	140.543425
110	140.265157
111	139.899392
112	139.394634
113	138.652401
114	137.454757
115	135.300047
116	131.293385
117	125.098618
118	118.669681
119	113.871340
120	110.009468
121	105.257704
122	97.406655
123	85.678669
124	74.067027
125	66.609547
126	62.707428
127	60.616771
128	59.364726
129	58.536520
130	57.950353
131	57.514583
132	57.175595
133	56.898109
134	56.656587
135	56.430659
136	56.202159
137	55.952740
138	55.661475
139	55.301832
140	54.837004
141	54.211134
142	53.329360
143	52.005261
144	49.817368
145	45.782942
146	38.143002
147	26.274414
148	14.171822
149	5.740710
150	0.000000
151	-5.740710
152	-14.171822
153	-26.274414
154	-38.143002
155	-45.782942
156	-49.817368
157	-52.005261
158	-53.329360
159	-54.211134
160	-54.837004
161	-55.301832
162	-55.661475
163	-55.952740
164	-56.202159
165	-56.430659
166	-56.656587
167	-56.898109
168	-57.175595
169	-57.514583
170	-57.950353
171	-58.536520
172	-59.364726
173	-60.616771
174	-62.707428
175	-66.609547
176	-74.067027
177	-85.678669
178	-97.406655
179	-105.257704
180	-110.009468
181	-113.871340
182	-118.669681
183	-125.098618
184	-131.293385
185	-135.300047
186	-137.454757
187	-138.652401
188	-139.394634
189	-139.899392
190	-140.265157
191	-140.543425
192	-140.765474
193	-140.952709
194	-141.121359
195	-141.285113
196	-141.456995
197	-141.651032
198	-141.884145
199	-142.178741
200	-142.566966
201	-143.098983
202	-143.862288
203	-145.033349
204	-147.019692
205	-150.783845
206	-158.054281
207	-169.405196
208	-180.755369
209	-188.023533
210	-191.783748
211	-193.764244
212	-194.927191
213	-195.679610
214	-196.197283
215	-196.566787
216	-196.837061
217	-197.038611
218	-197.191648
219	-197.310116
220	-197.403970
221	-197.480574
222	-197.545619
223	-197.603771
224	-197.659153
225	-197.715772
226	-197.777946
227	-197.850818
228	-197.941068
229	-198.058008
230	-198.215510
231	-198.435913
232	-198.759360
233	-199.269172
234	-200.162184
235	-201.909594
236	-205.360412
237	-210.777287
238	-216.076336
239	-219.129044
240	-220.018935
241	-219.129044
242	-216.076336
243	-210.777287
244	-205.360412
245	-201.909594
246	-200.162184
247	-199.269172
248	-198.759360
249	-198.435913
250	-198.215510
251	-198.058008
252	-197.941068
253	-197.850818
254	-197.777946
255	-197.715772
256	-197.659153
257	-197.603771
258	-197.545619
259	-197.480574
260	-197.403970
261	-197.310116
262	-197.191648
263	-197.038611
264	-196.837061
265	-196.566787
266	-196.197283
267	-195.679610
268	-194.927191
269	-193.764244
270	-191.783748
271	-188.023533
272	-180.755369
273	-169.405196
274	-158.054281
275	-150.783845
276	-147.019692
277	-145.033349
278	-143.862288
279	-143.098983
280	-142.566966
281	-142.178741
282	-141.884145
283	-141.651032
284	-141.456995
285	-141.285113
286	-141.121359
287	-140.952709
288	-140.765474
289	-140.543425
290	-140.265157
291	-139.899392
292	-139.394634
293	-138.652401
294	-137.454757
295	-135.300047
296	-131.293385
297	-125.098618
298	-118.669681
299	-113.871340
300	-110.009468
301	-105.257704
302	-97.406655
303	-85.678669
304	-74.067027
305	-66.609547
306	-62.707428
307	-60.616771
308	-59.364726
309	-58.536520
310	-57.950353
311	-57.514583
312	-57.175595
313	-56.898109
314	-56.656587
315	-56.430659
316	-56.202159
317	-55.952740
318	-55.661475
319	-55.301832
320	-54.837004
321	-54.211134
322	-53.329360
323	-52.005261
324	-49.817368
325	-45.782942
326	-38.143002
327	-26.274414
328	-14.171822
329	-5.740710
330	0.000000
331	5.740710
332	14.171822
333	26.274414
334	38.143002
335	45.782942
336	49.817368
337	52.005261
338	53.329360
339	54.211134
340	54.837004
341	55.301832
342	55.661475
343	55.952740
344	56.202159
345	56.430659
346	56.656587
347	56.898109
348	57.175595
349	57.514583
350	57.950353
351	58.536520
352	59.364726
353	60.616771
354	62.707428
355	66.609547
356	74.067027
357	85.678669
358	97.406655
359	105.257704
360	110.009468
Line Voltage eab
