Winding Currents under Load 
Electric Degree
(Amperes)
0	2.78434
1	2.9354
2	2.77026
3	2.74923
4	2.75939
5	2.77999
6	2.80452
7	2.83092
8	2.85824
9	2.88604
10	2.91407
11	2.94218
12	2.97026
13	2.99826
14	3.02612
15	3.05382
16	3.08136
17	3.10872
18	3.13591
19	3.16294
20	3.18986
21	3.21668
22	3.24349
23	3.27034
24	3.29737
25	3.32472
26	3.35263
27	3.38146
28	3.41174
29	3.44444
29	2.10551e-11
30	0.389197
31	0.766754
32	1.12884
33	1.47025
34	1.80394
35	2.03027
36	2.09009
37	2.13749
38	2.18375
39	2.22916
40	2.27379
41	2.31765
42	2.36075
43	2.40309
44	2.44466
45	2.48543
46	2.52539
47	2.56447
48	2.60264
49	2.6398
50	2.67585
51	2.71063
52	2.74387
53	2.77512
54	2.80347
55	2.82686
56	2.84124
57	2.84193
58	2.82925
59	2.80869
60	2.78552
61	2.76406
62	2.74949
63	2.74715
64	2.75741
65	2.77802
66	2.80257
67	2.82897
68	2.85631
69	2.88412
70	2.91216
71	2.94028
72	2.96838
73	2.99639
74	3.02426
75	3.05198
76	3.07952
77	3.1069
78	3.1341
79	3.16115
80	3.18807
81	3.21491
82	3.24173
83	3.2686
84	3.29563
85	3.323
86	3.35092
87	3.37976
88	3.41005
89	3.44277
89	2.10552e-11
90	0.389199
91	0.766758
92	1.12885
93	1.47026
94	1.80399
95	2.0295
96	2.08926
97	2.13667
98	2.18292
99	2.22834
100	2.27297
101	2.31683
102	2.35993
103	2.40227
104	2.44385
105	2.48462
106	2.52458
107	2.56367
108	2.60184
109	2.639
110	2.67506
111	2.70984
112	2.74308
113	2.77434
114	2.80269
115	2.82609
116	2.84047
117	2.84116
118	2.8285
119	2.80793
120	2.78477
121	2.76331
122	2.74875
123	2.74641
124	2.75668
125	2.7773
126	2.80185
127	2.82826
128	2.8556
129	2.88342
130	2.91147
131	2.93959
132	2.96769
133	2.9957
134	3.02358
135	3.0513
136	3.07885
137	3.10623
138	3.13344
139	3.16049
140	3.18742
141	3.21427
142	3.24108
143	3.26796
144	3.295
145	3.32237
146	3.3503
147	3.37914
148	3.40944
149	3.44216
149	2.10554e-11
150	0.389199
151	0.766759
152	1.12885
153	1.47026
154	1.80401
155	2.02923
156	2.08896
157	2.13637
158	2.18262
159	2.22804
160	2.27267
161	2.31653
162	2.35963
163	2.40198
164	2.44355
165	2.48433
166	2.52428
167	2.56338
168	2.60154
169	2.63871
170	2.67477
171	2.70955
172	2.7428
173	2.77406
174	2.80241
175	2.82581
176	2.84019
177	2.84089
178	2.82822
179	2.80766
180	2.78449
181	2.76304
182	2.74848
183	2.74615
184	2.75642
185	2.77704
186	2.80159
187	2.828
188	2.85534
189	2.88316
190	2.91121
191	2.93934
192	2.96744
193	2.99545
194	3.02333
195	3.05106
196	3.07861
197	3.10599
198	3.1332
199	3.16025
200	3.18718
201	3.21403
202	3.24085
203	3.26773
204	3.29477
205	3.32214
206	3.35007
207	3.37891
208	3.40921
209	3.44193
209	2.10556e-11
210	0.3892
211	0.76676
212	1.12885
213	1.47026
214	1.80402
215	2.02912
216	2.08885
217	2.13626
218	2.18251
219	2.22793
220	2.27256
221	2.31642
222	2.35952
223	2.40187
224	2.44344
225	2.48422
226	2.52418
227	2.56327
228	2.60144
229	2.63861
230	2.67466
231	2.70944
232	2.74269
233	2.77395
234	2.8023
235	2.8257
236	2.84009
237	2.84078
238	2.82812
239	2.80756
240	2.78439
241	2.76294
242	2.74839
243	2.74605
244	2.75632
245	2.77694
246	2.80149
247	2.8279
248	2.85525
249	2.88307
250	2.91112
251	2.93925
252	2.96735
253	2.99536
254	3.02324
255	3.05097
256	3.07852
257	3.1059
258	3.13311
259	3.16017
260	3.1871
261	3.21394
262	3.24077
263	3.26764
264	3.29468
265	3.32206
266	3.34999
267	3.37883
268	3.40913
269	3.44185
269	2.10552e-11
270	0.3892
271	0.76676
272	1.12885
273	1.47027
274	1.80402
275	2.02909
276	2.08881
277	2.13622
278	2.18247
279	2.22789
280	2.27252
281	2.31638
282	2.35948
283	2.40183
284	2.4434
285	2.48418
286	2.52414
287	2.56323
288	2.6014
289	2.63857
290	2.67462
291	2.70941
292	2.74265
293	2.77391
294	2.80227
295	2.82567
296	2.84005
297	2.84075
298	2.82808
299	2.80752
300	2.78436
301	2.76291
302	2.74835
303	2.74601
304	2.75629
305	2.77691
306	2.80146
307	2.82787
308	2.85521
309	2.88304
310	2.91109
311	2.93921
312	2.96732
313	2.99533
314	3.02321
315	3.05094
316	3.07849
317	3.10587
318	3.13308
319	3.16013
320	3.18707
321	3.21391
322	3.24073
323	3.26761
324	3.29465
325	3.32203
326	3.34996
327	3.3788
328	3.4091
329	3.44182
329	2.10556e-11
330	0.3892
331	0.76676
332	1.12885
333	1.47027
334	1.80402
335	2.02907
336	2.08879
337	2.1362
338	2.18245
339	2.22787
340	2.2725
341	2.31637
342	2.35947
343	2.40181
344	2.44339
345	2.48417
346	2.52412
347	2.56321
348	2.60138
349	2.63855
350	2.67461
351	2.70939
352	2.74264
353	2.7739
354	2.80225
355	2.82565
356	2.84004
357	2.84073
358	2.82807
359	2.80751
360	2.78434
Source Current
0	1.12e-10
1	0.345366
2	-1.62676e-11
3	9.24747e-11
4	8.36244e-11
5	7.79329e-11
6	7.49213e-11
7	7.3282e-11
8	7.2284e-11
9	7.16136e-11
10	7.1132e-11
11	7.07682e-11
12	7.048e-11
13	7.02394e-11
14	7.00256e-11
15	6.98217e-11
16	6.96123e-11
17	6.93812e-11
18	6.91096e-11
19	6.87732e-11
20	6.83374e-11
21	6.77496e-11
22	6.69187e-11
23	6.56638e-11
24	6.35716e-11
25	5.96719e-11
26	5.22246e-11
27	4.06298e-11
28	2.89118e-11
29	2.10551e-11
30	0.389197
31	0.766754
32	1.12884
33	1.47025
34	1.80394
35	2.03027
36	2.09009
37	2.13749
38	2.18375
39	2.22916
40	2.27379
41	2.31765
42	2.36075
43	2.40309
44	2.44466
45	2.48543
46	2.52539
47	2.56447
48	2.60264
49	2.6398
50	2.67585
51	2.71063
52	2.74387
53	2.77512
54	2.80347
55	2.82686
56	2.84124
57	2.84193
58	2.82925
59	2.80869
60	2.78552
61	2.76406
62	2.74949
63	2.74715
64	2.75741
65	2.77802
66	2.80257
67	2.82897
68	2.85631
69	2.88412
70	2.91216
71	2.94028
72	2.96838
73	2.99639
74	3.02426
75	3.05198
76	3.07952
77	3.1069
78	3.1341
79	3.16115
80	3.18807
81	3.21491
82	3.24173
83	3.2686
84	3.29563
85	3.323
86	3.35092
87	3.37976
88	3.41005
89	3.44277
90	3.14929
91	2.86751
92	2.59721
93	2.34542
94	2.12444
95	2.0295
96	2.08926
97	2.13667
98	2.18292
99	2.22834
100	2.27297
101	2.31683
102	2.35993
103	2.40227
104	2.44385
105	2.48462
106	2.52458
107	2.56367
108	2.60184
109	2.639
110	2.67506
111	2.70984
112	2.74308
113	2.77434
114	2.80269
115	2.82609
116	2.84047
117	2.84116
118	2.8285
119	2.80793
120	2.78477
121	2.76331
122	2.74875
123	2.74641
124	2.75668
125	2.7773
126	2.80185
127	2.82826
128	2.8556
129	2.88342
130	2.91147
131	2.93959
132	2.96769
133	2.9957
134	3.02358
135	3.0513
136	3.07885
137	3.10623
138	3.13344
139	3.16049
140	3.18742
141	3.21427
142	3.24108
143	3.26796
144	3.295
145	3.32237
146	3.3503
147	3.37914
148	3.40944
149	3.44216
150	2.75948
151	2.10015
152	1.46776
153	0.874555
154	0.319843
155	-6.5566e-11
156	6.47981e-11
157	6.68218e-11
158	6.80229e-11
159	6.88094e-11
160	6.93577e-11
161	6.97563e-11
162	7.00567e-11
163	7.02925e-11
164	7.04873e-11
165	7.06596e-11
166	7.08253e-11
167	7.09995e-11
168	7.1199e-11
169	7.14442e-11
170	7.17629e-11
171	7.2197e-11
172	7.28169e-11
173	7.37604e-11
174	7.53387e-11
175	7.82777e-11
176	8.3878e-11
177	9.2608e-11
178	1.01528e-10
179	1.07753e-10
180	-1.12e-10
181	-1.07743e-10
182	-1.0148e-10
183	-9.24741e-11
184	-8.36244e-11
185	-7.79329e-11
186	-7.49213e-11
187	-7.3282e-11
188	-7.2284e-11
189	-7.16137e-11
190	-7.11321e-11
191	-7.07682e-11
192	-7.048e-11
193	-7.02394e-11
194	-7.00257e-11
195	-6.98218e-11
196	-6.96124e-11
197	-6.93813e-11
198	-6.91097e-11
199	-6.87733e-11
200	-6.83375e-11
201	-6.77497e-11
202	-6.69188e-11
203	-6.5664e-11
204	-6.35718e-11
205	-5.9672e-11
206	-5.22248e-11
207	-4.06301e-11
208	-2.89121e-11
209	-2.10555e-11
210	-0.3892
211	-0.76676
212	-1.12885
213	-1.47026
214	-1.80402
215	-2.02912
216	-2.08885
217	-2.13626
218	-2.18251
219	-2.22793
220	-2.27256
221	-2.31642
222	-2.35952
223	-2.40187
224	-2.44344
225	-2.48422
226	-2.52418
227	-2.56327
228	-2.60144
229	-2.63861
230	-2.67466
231	-2.70944
232	-2.74269
233	-2.77395
234	-2.8023
235	-2.8257
236	-2.84009
237	-2.84078
238	-2.82812
239	-2.80756
240	-2.78439
241	-2.76294
242	-2.74839
243	-2.74605
244	-2.75632
245	-2.77694
246	-2.80149
247	-2.8279
248	-2.85525
249	-2.88307
250	-2.91112
251	-2.93925
252	-2.96735
253	-2.99536
254	-3.02324
255	-3.05097
256	-3.07852
257	-3.1059
258	-3.13311
259	-3.16017
260	-3.1871
261	-3.21394
262	-3.24077
263	-3.26764
264	-3.29468
265	-3.32206
266	-3.34999
267	-3.37883
268	-3.40913
269	-3.44185
270	-3.14838
271	-2.86661
272	-2.59631
273	-2.34452
274	-2.12356
275	-2.02909
276	-2.08881
277	-2.13622
278	-2.18247
279	-2.22789
280	-2.27252
281	-2.31638
282	-2.35948
283	-2.40183
284	-2.4434
285	-2.48418
286	-2.52414
287	-2.56323
288	-2.6014
289	-2.63857
290	-2.67462
291	-2.70941
292	-2.74265
293	-2.77391
294	-2.80227
295	-2.82567
296	-2.84005
297	-2.84075
298	-2.82808
299	-2.80752
300	-2.78436
301	-2.76291
302	-2.74835
303	-2.74601
304	-2.75629
305	-2.77691
306	-2.80146
307	-2.82787
308	-2.85521
309	-2.88304
310	-2.91109
311	-2.93921
312	-2.96732
313	-2.99533
314	-3.02321
315	-3.05094
316	-3.07849
317	-3.10587
318	-3.13308
319	-3.16013
320	-3.18707
321	-3.21391
322	-3.24073
323	-3.26761
324	-3.29465
325	-3.32203
326	-3.34996
327	-3.3788
328	-3.4091
329	-3.44182
330	-2.75915
331	-2.09982
332	-1.46743
333	-0.874226
334	-0.319514
335	6.56667e-11
336	-6.4798e-11
337	-6.68218e-11
338	-6.80228e-11
339	-6.88094e-11
340	-6.93577e-11
341	-6.97563e-11
342	-7.00567e-11
343	-7.02924e-11
344	-7.04872e-11
345	-7.06596e-11
346	-7.08252e-11
347	-7.09995e-11
348	-7.11989e-11
349	-7.14441e-11
350	-7.17629e-11
351	-7.2197e-11
352	-7.28169e-11
353	-7.37603e-11
354	-7.53387e-11
355	-7.82776e-11
356	-8.38779e-11
357	-9.2608e-11
358	-1.01528e-10
359	-1.07753e-10
360	1.12e-10
Phase Current ia
0	-2.78434
1	-2.9354
2	-2.77026
3	-2.74923
4	-2.75939
5	-2.77999
6	-2.80452
7	-2.83092
8	-2.85824
9	-2.88604
10	-2.91407
11	-2.94218
12	-2.97026
13	-2.99826
14	-3.02612
15	-3.05382
16	-3.08136
17	-3.10872
18	-3.13591
19	-3.16294
20	-3.18986
21	-3.21668
22	-3.24349
23	-3.27034
24	-3.29737
25	-3.32472
26	-3.35263
27	-3.38146
28	-3.41174
29	-3.44444
30	-3.15095
31	-2.86917
32	-2.59885
33	-2.34705
34	-2.12604
35	-2.03027
36	-2.09009
37	-2.13749
38	-2.18375
39	-2.22916
40	-2.27379
41	-2.31765
42	-2.36075
43	-2.40309
44	-2.44466
45	-2.48543
46	-2.52539
47	-2.56447
48	-2.60264
49	-2.6398
50	-2.67585
51	-2.71063
52	-2.74387
53	-2.77512
54	-2.80347
55	-2.82686
56	-2.84124
57	-2.84193
58	-2.82925
59	-2.80869
60	-2.78552
61	-2.76406
62	-2.74949
63	-2.74715
64	-2.75741
65	-2.77802
66	-2.80257
67	-2.82897
68	-2.85631
69	-2.88412
70	-2.91216
71	-2.94028
72	-2.96838
73	-2.99639
74	-3.02426
75	-3.05198
76	-3.07952
77	-3.1069
78	-3.1341
79	-3.16115
80	-3.18807
81	-3.21491
82	-3.24173
83	-3.2686
84	-3.29563
85	-3.323
86	-3.35092
87	-3.37976
88	-3.41005
89	-3.44277
90	-2.76009
91	-2.10076
92	-1.46836
93	-0.875155
94	-0.320444
95	6.53819e-11
96	-6.47982e-11
97	-6.6822e-11
98	-6.8023e-11
99	-6.88096e-11
100	-6.93579e-11
101	-6.97565e-11
102	-7.00569e-11
103	-7.02926e-11
104	-7.04874e-11
105	-7.06597e-11
106	-7.08254e-11
107	-7.09996e-11
108	-7.1199e-11
109	-7.14442e-11
110	-7.1763e-11
111	-7.21971e-11
112	-7.2817e-11
113	-7.37604e-11
114	-7.53388e-11
115	-7.82777e-11
116	-8.3878e-11
117	-9.26081e-11
118	-1.01528e-10
119	-1.07753e-10
120	1.12e-10
121	1.07743e-10
122	1.0148e-10
123	9.24741e-11
124	8.36244e-11
125	7.79329e-11
126	7.49213e-11
127	7.3282e-11
128	7.2284e-11
129	7.16137e-11
130	7.11321e-11
131	7.07682e-11
132	7.048e-11
133	7.02394e-11
134	7.00256e-11
135	6.98218e-11
136	6.96124e-11
137	6.93813e-11
138	6.91097e-11
139	6.87732e-11
140	6.83375e-11
141	6.77497e-11
142	6.69188e-11
143	6.5664e-11
144	6.35717e-11
145	5.9672e-11
146	5.22248e-11
147	4.063e-11
148	2.89121e-11
149	2.10554e-11
150	0.389199
151	0.766759
152	1.12885
153	1.47026
154	1.80401
155	2.02923
156	2.08896
157	2.13637
158	2.18262
159	2.22804
160	2.27267
161	2.31653
162	2.35963
163	2.40198
164	2.44355
165	2.48433
166	2.52428
167	2.56338
168	2.60154
169	2.63871
170	2.67477
171	2.70955
172	2.7428
173	2.77406
174	2.80241
175	2.82581
176	2.84019
177	2.84089
178	2.82822
179	2.80766
180	2.78449
181	2.76304
182	2.74848
183	2.74615
184	2.75642
185	2.77704
186	2.80159
187	2.828
188	2.85534
189	2.88316
190	2.91121
191	2.93934
192	2.96744
193	2.99545
194	3.02333
195	3.05106
196	3.07861
197	3.10599
198	3.1332
199	3.16025
200	3.18718
201	3.21403
202	3.24085
203	3.26773
204	3.29477
205	3.32214
206	3.35007
207	3.37891
208	3.40921
209	3.44193
210	3.14846
211	2.86669
212	2.59639
213	2.3446
214	2.12364
215	2.02912
216	2.08885
217	2.13626
218	2.18251
219	2.22793
220	2.27256
221	2.31642
222	2.35952
223	2.40187
224	2.44344
225	2.48422
226	2.52418
227	2.56327
228	2.60144
229	2.63861
230	2.67466
231	2.70944
232	2.74269
233	2.77395
234	2.8023
235	2.8257
236	2.84009
237	2.84078
238	2.82812
239	2.80756
240	2.78439
241	2.76294
242	2.74839
243	2.74605
244	2.75632
245	2.77694
246	2.80149
247	2.8279
248	2.85525
249	2.88307
250	2.91112
251	2.93925
252	2.96735
253	2.99536
254	3.02324
255	3.05097
256	3.07852
257	3.1059
258	3.13311
259	3.16017
260	3.1871
261	3.21394
262	3.24077
263	3.26764
264	3.29468
265	3.32206
266	3.34999
267	3.37883
268	3.40913
269	3.44185
270	2.75918
271	2.09985
272	1.46746
273	0.874256
274	0.319543
275	-6.56577e-11
276	6.4798e-11
277	6.68218e-11
278	6.80228e-11
279	6.88094e-11
280	6.93577e-11
281	6.97563e-11
282	7.00567e-11
283	7.02924e-11
284	7.04872e-11
285	7.06596e-11
286	7.08252e-11
287	7.09995e-11
288	7.11989e-11
289	7.14441e-11
290	7.17629e-11
291	7.2197e-11
292	7.28169e-11
293	7.37603e-11
294	7.53387e-11
295	7.82776e-11
296	8.38779e-11
297	9.2608e-11
298	1.01528e-10
299	1.07753e-10
300	-1.12e-10
301	-1.07743e-10
302	-1.0148e-10
303	-9.24741e-11
304	-8.36244e-11
305	-7.79329e-11
306	-7.49213e-11
307	-7.3282e-11
308	-7.2284e-11
309	-7.16137e-11
310	-7.11321e-11
311	-7.07682e-11
312	-7.048e-11
313	-7.02394e-11
314	-7.00257e-11
315	-6.98218e-11
316	-6.96124e-11
317	-6.93813e-11
318	-6.91097e-11
319	-6.87733e-11
320	-6.83375e-11
321	-6.77497e-11
322	-6.69188e-11
323	-6.5664e-11
324	-6.35718e-11
325	-5.9672e-11
326	-5.22248e-11
327	-4.06301e-11
328	-2.89121e-11
329	-2.10555e-11
330	-0.3892
331	-0.76676
332	-1.12885
333	-1.47027
334	-1.80402
335	-2.02907
336	-2.08879
337	-2.1362
338	-2.18245
339	-2.22787
340	-2.2725
341	-2.31637
342	-2.35947
343	-2.40181
344	-2.44339
345	-2.48417
346	-2.52412
347	-2.56321
348	-2.60138
349	-2.63855
350	-2.67461
351	-2.70939
352	-2.74264
353	-2.7739
354	-2.80225
355	-2.82565
356	-2.84004
357	-2.84073
358	-2.82807
359	-2.80751
360	-2.78434
Phase Current ib
0	2.78434
1	2.59004
2	2.77026
3	2.74923
4	2.75939
5	2.77999
6	2.80452
7	2.83092
8	2.85824
9	2.88604
10	2.91407
11	2.94218
12	2.97026
13	2.99826
14	3.02612
15	3.05382
16	3.08136
17	3.10872
18	3.13591
19	3.16294
20	3.18986
21	3.21668
22	3.24349
23	3.27034
24	3.29737
25	3.32472
26	3.35263
27	3.38146
28	3.41174
29	3.44444
30	2.76175
31	2.10241
32	1.47001
33	0.8768
34	0.322092
35	-6.48774e-11
36	6.47984e-11
37	6.6823e-11
38	6.80234e-11
39	6.88094e-11
40	6.93583e-11
41	6.97562e-11
42	7.00568e-11
43	7.02927e-11
44	7.04876e-11
45	7.06604e-11
46	7.08256e-11
47	7.09992e-11
48	7.11986e-11
49	7.14455e-11
50	7.17626e-11
51	7.21974e-11
52	7.28178e-11
53	7.37614e-11
54	7.5338e-11
55	7.82787e-11
56	8.38778e-11
57	9.26081e-11
58	1.01529e-10
59	1.07753e-10
60	-1.12e-10
61	-1.07743e-10
62	-1.0148e-10
63	-9.24736e-11
64	-8.36251e-11
65	-7.79328e-11
66	-7.4921e-11
67	-7.32814e-11
68	-7.2284e-11
69	-7.16143e-11
70	-7.1132e-11
71	-7.07678e-11
72	-7.04805e-11
73	-7.02403e-11
74	-7.00253e-11
75	-6.9821e-11
76	-6.96132e-11
77	-6.93814e-11
78	-6.91096e-11
79	-6.87734e-11
80	-6.83378e-11
81	-6.77502e-11
82	-6.69189e-11
83	-6.5663e-11
84	-6.35709e-11
85	-5.96723e-11
86	-5.22249e-11
87	-4.06302e-11
88	-2.8912e-11
89	-2.10552e-11
90	-0.389199
91	-0.766758
92	-1.12885
93	-1.47026
94	-1.80399
95	-2.0295
96	-2.08926
97	-2.13667
98	-2.18292
99	-2.22834
100	-2.27297
101	-2.31683
102	-2.35993
103	-2.40227
104	-2.44385
105	-2.48462
106	-2.52458
107	-2.56367
108	-2.60184
109	-2.639
110	-2.67506
111	-2.70984
112	-2.74308
113	-2.77434
114	-2.80269
115	-2.82609
116	-2.84047
117	-2.84116
118	-2.8285
119	-2.80793
120	-2.78477
121	-2.76331
122	-2.74875
123	-2.74641
124	-2.75668
125	-2.7773
126	-2.80185
127	-2.82826
128	-2.8556
129	-2.88342
130	-2.91147
131	-2.93959
132	-2.96769
133	-2.9957
134	-3.02358
135	-3.0513
136	-3.07885
137	-3.10623
138	-3.13344
139	-3.16049
140	-3.18742
141	-3.21427
142	-3.24108
143	-3.26796
144	-3.295
145	-3.32237
146	-3.3503
147	-3.37914
148	-3.40944
149	-3.44216
150	-3.14868
151	-2.86691
152	-2.59661
153	-2.34482
154	-2.12385
155	-2.02923
156	-2.08896
157	-2.13637
158	-2.18262
159	-2.22804
160	-2.27267
161	-2.31653
162	-2.35963
163	-2.40198
164	-2.44355
165	-2.48433
166	-2.52428
167	-2.56338
168	-2.60154
169	-2.63871
170	-2.67477
171	-2.70955
172	-2.7428
173	-2.77406
174	-2.80241
175	-2.82581
176	-2.84019
177	-2.84089
178	-2.82822
179	-2.80766
180	-2.78449
181	-2.76304
182	-2.74848
183	-2.74615
184	-2.75642
185	-2.77704
186	-2.80159
187	-2.828
188	-2.85534
189	-2.88316
190	-2.91121
191	-2.93934
192	-2.96744
193	-2.99545
194	-3.02333
195	-3.05106
196	-3.07861
197	-3.10599
198	-3.1332
199	-3.16025
200	-3.18718
201	-3.21403
202	-3.24085
203	-3.26773
204	-3.29477
205	-3.32214
206	-3.35007
207	-3.37891
208	-3.40921
209	-3.44193
210	-2.75926
211	-2.09993
212	-1.46754
213	-0.874336
214	-0.319623
215	6.56333e-11
216	-6.47979e-11
217	-6.68217e-11
218	-6.80234e-11
219	-6.8809e-11
220	-6.93574e-11
221	-6.97562e-11
222	-7.0056e-11
223	-7.02927e-11
224	-7.04872e-11
225	-7.06599e-11
226	-7.08247e-11
227	-7.10001e-11
228	-7.12004e-11
229	-7.14446e-11
230	-7.17635e-11
231	-7.21965e-11
232	-7.28169e-11
233	-7.37601e-11
234	-7.53388e-11
235	-7.82774e-11
236	-8.38778e-11
237	-9.26086e-11
238	-1.01527e-10
239	-1.07752e-10
240	1.12e-10
241	1.07743e-10
242	1.0148e-10
243	9.24731e-11
244	8.36242e-11
245	7.79328e-11
246	7.49218e-11
247	7.32818e-11
248	7.22848e-11
249	7.16138e-11
250	7.1132e-11
251	7.07678e-11
252	7.04792e-11
253	7.02394e-11
254	7.00253e-11
255	6.98219e-11
256	6.96123e-11
257	6.93823e-11
258	6.91096e-11
259	6.87734e-11
260	6.83369e-11
261	6.77494e-11
262	6.69198e-11
263	6.56639e-11
264	6.35723e-11
265	5.96718e-11
266	5.22249e-11
267	4.06315e-11
268	2.8912e-11
269	2.10552e-11
270	0.3892
271	0.76676
272	1.12885
273	1.47027
274	1.80402
275	2.02909
276	2.08881
277	2.13622
278	2.18247
279	2.22789
280	2.27252
281	2.31638
282	2.35948
283	2.40183
284	2.4434
285	2.48418
286	2.52414
287	2.56323
288	2.6014
289	2.63857
290	2.67462
291	2.70941
292	2.74265
293	2.77391
294	2.80227
295	2.82567
296	2.84005
297	2.84075
298	2.82808
299	2.80752
300	2.78436
301	2.76291
302	2.74835
303	2.74601
304	2.75629
305	2.77691
306	2.80146
307	2.82787
308	2.85521
309	2.88304
310	2.91109
311	2.93921
312	2.96732
313	2.99533
314	3.02321
315	3.05094
316	3.07849
317	3.10587
318	3.13308
319	3.16013
320	3.18707
321	3.21391
322	3.24073
323	3.26761
324	3.29465
325	3.32203
326	3.34996
327	3.3788
328	3.4091
329	3.44182
330	3.14835
331	2.86658
332	2.59628
333	2.34449
334	2.12353
335	2.02907
336	2.08879
337	2.1362
338	2.18245
339	2.22787
340	2.2725
341	2.31637
342	2.35947
343	2.40181
344	2.44339
345	2.48417
346	2.52412
347	2.56321
348	2.60138
349	2.63855
350	2.67461
351	2.70939
352	2.74264
353	2.7739
354	2.80225
355	2.82565
356	2.84004
357	2.84073
358	2.82807
359	2.80751
360	2.78434
Phase Current ic
