Winding Voltages under Load 
Electric Degree
(Volts)
0	4.39301e-08
0	74.6678
1	74.6678
1	-63.775
2	-63.775
3	13.0593
4	18.9783
5	22.7865
6	24.8034
7	25.9034
8	26.5755
9	27.0294
10	27.3585
11	27.6106
12	27.8144
13	27.9893
14	28.1503
15	28.3099
16	28.4803
17	28.6751
18	28.9107
19	29.2092
20	29.6024
21	30.1403
22	30.9104
23	32.0893
24	34.0848
25	37.8606
26	45.1482
27	56.526
28	67.9108
29	75.2145
29	160.278
30	160.278
31	159.65
32	157.586
33	154.043
34	150.408
34	113.31
35	113.31
36	93.8529
37	93.9507
38	94.0235
39	94.0792
40	94.123
41	94.1585
42	94.1887
43	94.2162
44	94.2433
45	94.2724
46	94.3063
47	94.3481
48	94.4022
49	94.4745
50	94.5735
51	94.7129
52	94.9155
53	95.2274
54	95.7523
55	96.7326
56	98.6032
57	101.52
58	104.501
59	106.581
60	108
61	109.422
62	111.515
63	114.524
64	117.481
65	119.382
66	120.387
67	120.933
68	121.263
69	121.483
70	121.639
71	121.753
72	121.84
73	121.908
74	121.963
75	122.01
76	122.051
77	122.09
78	122.128
79	122.169
80	122.215
81	122.269
82	122.335
83	122.417
84	122.524
85	122.665
86	122.855
87	123.119
88	123.501
89	124.089
89	55.7221
90	55.7221
91	56.3505
92	58.4138
93	61.957
94	65.5918
94	102.862
95	102.862
96	122.147
97	122.049
98	121.977
99	121.921
100	121.877
101	121.842
102	121.811
103	121.784
104	121.757
105	121.728
106	121.694
107	121.652
108	121.598
109	121.526
110	121.427
111	121.287
112	121.085
113	120.773
114	120.248
115	119.267
116	117.397
117	114.48
118	111.499
119	109.419
120	108
121	106.578
122	104.485
123	101.476
124	98.5189
125	96.6177
126	95.6128
127	95.0672
128	94.7368
129	94.5169
130	94.3614
131	94.247
132	94.1601
133	94.0921
134	94.037
135	93.9904
136	93.9491
137	93.9103
138	93.8716
139	93.8306
140	93.7847
141	93.7309
142	93.6652
143	93.5827
144	93.4761
145	93.3354
146	93.1451
147	92.8806
148	92.4986
149	91.9107
149	-59.7222
150	-59.7222
151	-60.3505
152	-62.4138
153	-65.957
154	-69.5919
154	-1.81384
155	-1.81384
156	33.2009
157	31.2705
158	30.1382
159	29.4047
160	28.8981
161	28.5335
162	28.2621
163	28.0528
164	27.8842
165	27.7401
166	27.6075
167	27.4743
168	27.3281
169	27.1541
170	26.9332
171	26.6368
172	26.2175
173	25.5828
174	24.5243
175	22.5566
176	18.8098
177	12.9705
178	7.00439
179	2.84094
180	-4.39301e-08
181	-2.84758
182	-7.03688
183	-13.0597
184	-18.9783
185	-22.7865
186	-24.8034
187	-25.9034
188	-26.5754
189	-27.0294
190	-27.3585
191	-27.6106
192	-27.8143
193	-27.9893
194	-28.1502
195	-28.3098
196	-28.4803
197	-28.6751
198	-28.9107
199	-29.2091
200	-29.6023
201	-30.1402
202	-30.9103
203	-32.0892
204	-34.0846
205	-37.8604
206	-45.148
207	-56.5257
208	-67.9105
209	-75.2141
209	-160.278
210	-160.278
211	-159.649
212	-157.586
213	-154.043
214	-150.408
214	-113.052
215	-113.052
216	-93.8527
217	-93.9505
218	-94.0233
219	-94.0791
220	-94.1228
221	-94.1583
222	-94.1886
223	-94.216
224	-94.2431
225	-94.2723
226	-94.3061
227	-94.348
228	-94.4021
229	-94.4744
230	-94.5734
231	-94.7128
232	-94.9155
233	-95.2273
234	-95.7522
235	-96.7326
236	-98.6031
237	-101.52
238	-104.501
239	-106.581
240	-108
241	-109.422
242	-111.515
243	-114.524
244	-117.481
245	-119.382
246	-120.387
247	-120.933
248	-121.263
249	-121.483
250	-121.639
251	-121.753
252	-121.84
253	-121.908
254	-121.963
255	-122.01
256	-122.051
257	-122.09
258	-122.128
259	-122.169
260	-122.215
261	-122.269
262	-122.335
263	-122.417
264	-122.524
265	-122.665
266	-122.855
267	-123.119
268	-123.501
269	-124.089
269	-55.7222
270	-55.7222
271	-56.3505
272	-58.4138
273	-61.957
274	-65.5919
274	-102.957
275	-102.957
276	-122.147
277	-122.05
278	-121.977
279	-121.921
280	-121.877
281	-121.842
282	-121.811
283	-121.784
284	-121.757
285	-121.728
286	-121.694
287	-121.652
288	-121.598
289	-121.526
290	-121.427
291	-121.287
292	-121.085
293	-120.773
294	-120.248
295	-119.267
296	-117.397
297	-114.48
298	-111.499
299	-109.419
300	-108
301	-106.578
302	-104.485
303	-101.476
304	-98.5189
305	-96.6177
306	-95.6128
307	-95.0672
308	-94.7368
309	-94.5169
310	-94.3614
311	-94.247
312	-94.1601
313	-94.0921
314	-94.037
315	-93.9904
316	-93.9491
317	-93.9103
318	-93.8716
319	-93.8306
320	-93.7847
321	-93.7309
322	-93.6652
323	-93.5827
324	-93.4761
325	-93.3354
326	-93.1451
327	-92.8806
328	-92.4986
329	-91.9107
329	59.7222
330	59.7222
331	60.3505
332	62.4138
333	65.957
334	69.5919
334	1.7455
335	1.7455
336	-33.201
337	-31.2706
338	-30.1383
339	-29.4047
340	-28.8982
341	-28.5335
342	-28.2621
343	-28.0528
344	-27.8842
345	-27.7402
346	-27.6076
347	-27.4744
348	-27.3281
349	-27.1542
350	-26.9332
351	-26.6368
352	-26.2175
353	-25.5828
354	-24.5243
355	-22.5566
356	-18.8098
357	-12.9706
358	-7.00439
359	-2.84094
360	4.39301e-08
360	74.6678
Phase Voltage va
0	108
0	220
1	220
1	12.3339
2	12.3339
3	127.583
4	136.459
5	142.169
6	145.191
7	146.836
8	147.839
9	148.512
10	148.997
11	149.364
12	149.654
13	149.897
14	150.113
15	150.319
16	150.531
17	150.765
18	151.039
19	151.379
20	151.818
21	152.409
22	153.245
23	154.507
24	156.609
25	160.525
26	168.003
27	179.645
28	191.412
29	199.304
29	216
30	216
31	216
32	216
33	216
34	216
34	216
35	216
36	216
37	216
38	216
39	216
40	216
41	216
42	216
43	216
44	216
45	216
46	216
47	216
48	216
49	216
50	216
51	216
52	216
53	216
54	216
55	216
56	216
57	216
58	216
59	216
60	216
61	216
62	216
63	216
64	216
65	216
66	216
67	216
68	216
69	216
70	216
71	216
72	216
73	216
74	216
75	216
76	216
77	216
78	216
79	216
80	216
81	216
82	216
83	216
84	216
85	216
86	216
87	216
88	216
89	216
89	-4
90	-4
91	-4
92	-4
93	-4
94	-4
94	100.923
95	100.923
96	155.348
97	153.32
98	152.115
99	151.325
100	150.775
101	150.375
102	150.073
103	149.837
104	149.641
105	149.468
106	149.301
107	149.126
108	148.926
109	148.68
110	148.36
111	147.924
112	147.302
113	146.355
114	144.772
115	141.824
116	136.207
117	127.45
118	118.503
119	112.26
120	108
121	103.73
122	97.4483
123	88.4161
124	79.5406
125	73.8312
126	70.8094
127	69.1638
128	68.1614
129	67.4875
130	67.003
131	66.6365
132	66.3458
133	66.1028
134	65.8867
135	65.6806
136	65.4688
137	65.2352
138	64.9609
139	64.6215
140	64.1824
141	63.5907
142	62.7549
143	61.4935
144	59.3915
145	55.475
146	47.997
147	36.3549
148	24.588
149	16.6965
149	-220
150	-220
151	-220
152	-220
153	-220
154	-220
154	-114.888
155	-114.888
156	-60.6518
157	-62.68
158	-63.8851
159	-64.6744
160	-65.2247
161	-65.6249
162	-65.9265
163	-66.1633
164	-66.359
165	-66.5321
166	-66.6986
167	-66.8736
168	-67.074
169	-67.3202
170	-67.6403
171	-68.076
172	-68.698
173	-69.6446
174	-71.228
175	-74.176
176	-79.7933
177	-88.5498
178	-97.497
179	-103.74
180	-108
181	-112.27
182	-118.552
183	-127.584
184	-136.459
185	-142.169
186	-145.191
187	-146.836
188	-147.839
189	-148.512
190	-148.997
191	-149.364
192	-149.654
193	-149.897
194	-150.113
195	-150.319
196	-150.531
197	-150.765
198	-151.039
199	-151.378
200	-151.818
201	-152.409
202	-153.245
203	-154.507
204	-156.609
205	-160.525
206	-168.003
207	-179.645
208	-191.412
209	-199.303
209	-216
210	-216
211	-216
212	-216
213	-216
214	-216
214	-216
215	-216
216	-216
217	-216
218	-216
219	-216
220	-216
221	-216
222	-216
223	-216
224	-216
225	-216
226	-216
227	-216
228	-216
229	-216
230	-216
231	-216
232	-216
233	-216
234	-216
235	-216
236	-216
237	-216
238	-216
239	-216
240	-216
241	-216
242	-216
243	-216
244	-216
245	-216
246	-216
247	-216
248	-216
249	-216
250	-216
251	-216
252	-216
253	-216
254	-216
255	-216
256	-216
257	-216
258	-216
259	-216
260	-216
261	-216
262	-216
263	-216
264	-216
265	-216
266	-216
267	-216
268	-216
269	-216
269	4
270	4
271	4
272	4
273	4
274	4
274	-101.205
275	-101.205
276	-155.348
277	-153.32
278	-152.115
279	-151.326
280	-150.775
281	-150.375
282	-150.074
283	-149.837
284	-149.641
285	-149.468
286	-149.301
287	-149.126
288	-148.926
289	-148.68
290	-148.36
291	-147.924
292	-147.302
293	-146.355
294	-144.772
295	-141.824
296	-136.207
297	-127.45
298	-118.503
299	-112.26
300	-108
301	-103.73
302	-97.4483
303	-88.4161
304	-79.5406
305	-73.8312
306	-70.8094
307	-69.1638
308	-68.1614
309	-67.4876
310	-67.003
311	-66.6365
312	-66.3458
313	-66.1029
314	-65.8868
315	-65.6806
316	-65.4688
317	-65.2352
318	-64.961
319	-64.6215
320	-64.1825
321	-63.5907
322	-62.7549
323	-61.4935
324	-59.3915
325	-55.475
326	-47.9971
327	-36.3549
328	-24.5881
329	-16.6966
329	220
330	220
331	220
332	220
333	220
334	220
334	114.786
335	114.786
336	60.6517
337	62.6799
338	63.885
339	64.6743
340	65.2246
341	65.6248
342	65.9264
343	66.1632
344	66.3589
345	66.5321
346	66.6986
347	66.8736
348	67.074
349	67.3202
350	67.6402
351	68.0759
352	68.6979
353	69.6445
354	71.2279
355	74.176
356	79.7933
357	88.5498
358	97.497
359	103.74
360	108
360	220
Line Voltage vab
