Output Power vs Speed
n (rpm)
(W)
0	0.000000
46.3072	174.085484
92.6144	348.523971
138.922	521.071272
185.229	691.644252
231.536	859.981614
277.843	1025.680956
324.15	1188.331215
370.457	1347.735072
416.765	1503.322910
463.072	1654.751562
509.379	1801.588193
555.686	1943.006962
601.993	2078.387258
648.301	2206.506281
694.608	2326.335702
740.915	2436.332986
787.222	2534.809961
833.529	2619.436550
879.836	2687.263852
926.144	2734.820346
972.451	2756.511587
1018.76	2750.038818
1065.07	2716.022337
1111.37	2657.697419
1157.68	2580.478595
1203.99	2495.304293
1250.29	2401.330017
1296.6	2300.424465
1342.91	2193.976820
1389.22	2082.777677
1435.52	1967.624769
1481.83	1849.030558
1528.14	1727.208256
1574.44	1602.586386
1620.75	1475.212848
1667.06	1345.301694
1713.37	1212.868259
1759.67	1078.038540
1805.98	940.777677
1852.29	801.121846
1898.59	659.166340
1944.9	514.879988
1991.21	368.439695
2037.52	220.492150
2083.82	71.303454
2107.17	0.000000
Output Power
