Induced Winding Voltages at Rated Speed
Electric Degree
(Volts)
0	0.000000
1	2.851441
2	7.038393
3	13.047946
4	18.941737
5	22.737175
6	24.743756
7	25.834806
8	26.498425
9	26.944213
10	27.265221
11	27.509213
12	27.704809
13	27.871476
14	28.023997
15	28.174969
16	28.336566
17	28.522140
18	28.748047
19	29.036192
20	29.418222
21	29.943734
22	30.699427
23	31.860360
24	33.830993
25	37.566764
26	44.783485
27	56.051127
28	67.318196
29	74.533166
30	78.265897
31	80.232016
32	81.386681
33	82.133955
34	82.648359
35	83.015869
36	83.285107
37	83.486413
38	83.639923
39	83.759574
40	83.855370
41	83.934778
42	84.003653
43	84.066887
44	84.128914
45	84.194151
46	84.267459
47	84.354699
48	84.463494
49	84.604415
50	84.793016
51	85.053901
52	85.430279
53	86.009575
54	86.993938
55	88.861023
56	92.468687
57	98.101869
58	103.734785
59	107.341634
60	109.207308
61	110.189579
62	110.765980
63	111.138486
64	111.394292
65	111.576300
66	111.708717
67	111.806579
68	111.879781
69	111.935070
70	111.977160
71	112.009407
72	112.034240
73	112.053444
74	112.068342
75	112.079931
76	112.088962
77	112.096010
78	112.101516
79	112.105820
80	112.109183
81	112.111809
82	112.113856
83	112.115445
84	112.116670
85	112.117605
86	112.118305
87	112.118811
88	112.119153
89	112.119350
90	112.119415
91	112.119350
92	112.119153
93	112.118811
94	112.118305
95	112.117605
96	112.116670
97	112.115445
98	112.113856
99	112.111809
100	112.109183
101	112.105820
102	112.101516
103	112.096010
104	112.088962
105	112.079931
106	112.068342
107	112.053444
108	112.034240
109	112.009407
110	111.977160
111	111.935070
112	111.879781
113	111.806579
114	111.708717
115	111.576300
116	111.394292
117	111.138486
118	110.765980
119	110.189579
120	109.207308
121	107.341634
122	103.734785
123	98.101869
124	92.468687
125	88.861023
126	86.993938
127	86.009575
128	85.430279
129	85.053901
130	84.793016
131	84.604415
132	84.463494
133	84.354699
134	84.267459
135	84.194151
136	84.128914
137	84.066887
138	84.003653
139	83.934778
140	83.855370
141	83.759574
142	83.639923
143	83.486413
144	83.285107
145	83.015869
146	82.648359
147	82.133955
148	81.386681
149	80.232016
150	78.265897
151	74.533166
152	67.318196
153	56.051127
154	44.783485
155	37.566764
156	33.830993
157	31.860360
158	30.699427
159	29.943734
160	29.418222
161	29.036192
162	28.748047
163	28.522140
164	28.336566
165	28.174969
166	28.023997
167	27.871476
168	27.704809
169	27.509213
170	27.265221
171	26.944213
172	26.498425
173	25.834806
174	24.743756
175	22.737175
176	18.941737
177	13.047946
178	7.038393
179	2.851441
180	0.000000
181	-2.851441
182	-7.038393
183	-13.047946
184	-18.941737
185	-22.737175
186	-24.743756
187	-25.834806
188	-26.498425
189	-26.944213
190	-27.265221
191	-27.509213
192	-27.704809
193	-27.871476
194	-28.023997
195	-28.174969
196	-28.336566
197	-28.522140
198	-28.748047
199	-29.036192
200	-29.418222
201	-29.943734
202	-30.699427
203	-31.860360
204	-33.830993
205	-37.566764
206	-44.783485
207	-56.051127
208	-67.318196
209	-74.533166
210	-78.265897
211	-80.232016
212	-81.386681
213	-82.133955
214	-82.648359
215	-83.015869
216	-83.285107
217	-83.486413
218	-83.639923
219	-83.759574
220	-83.855370
221	-83.934778
222	-84.003653
223	-84.066887
224	-84.128914
225	-84.194151
226	-84.267459
227	-84.354699
228	-84.463494
229	-84.604415
230	-84.793016
231	-85.053901
232	-85.430279
233	-86.009575
234	-86.993938
235	-88.861023
236	-92.468687
237	-98.101869
238	-103.734785
239	-107.341634
240	-109.207308
241	-110.189579
242	-110.765980
243	-111.138486
244	-111.394292
245	-111.576300
246	-111.708717
247	-111.806579
248	-111.879781
249	-111.935070
250	-111.977160
251	-112.009407
252	-112.034240
253	-112.053444
254	-112.068342
255	-112.079931
256	-112.088962
257	-112.096010
258	-112.101516
259	-112.105820
260	-112.109183
261	-112.111809
262	-112.113856
263	-112.115445
264	-112.116670
265	-112.117605
266	-112.118305
267	-112.118811
268	-112.119153
269	-112.119350
270	-112.119415
271	-112.119350
272	-112.119153
273	-112.118811
274	-112.118305
275	-112.117605
276	-112.116670
277	-112.115445
278	-112.113856
279	-112.111809
280	-112.109183
281	-112.105820
282	-112.101516
283	-112.096010
284	-112.088962
285	-112.079931
286	-112.068342
287	-112.053444
288	-112.034240
289	-112.009407
290	-111.977160
291	-111.935070
292	-111.879781
293	-111.806579
294	-111.708717
295	-111.576300
296	-111.394292
297	-111.138486
298	-110.765980
299	-110.189579
300	-109.207308
301	-107.341634
302	-103.734785
303	-98.101869
304	-92.468687
305	-88.861023
306	-86.993938
307	-86.009575
308	-85.430279
309	-85.053901
310	-84.793016
311	-84.604415
312	-84.463494
313	-84.354699
314	-84.267459
315	-84.194151
316	-84.128914
317	-84.066887
318	-84.003653
319	-83.934778
320	-83.855370
321	-83.759574
322	-83.639923
323	-83.486413
324	-83.285107
325	-83.015869
326	-82.648359
327	-82.133955
328	-81.386681
329	-80.232016
330	-78.265897
331	-74.533166
332	-67.318196
333	-56.051127
334	-44.783485
335	-37.566764
336	-33.830993
337	-31.860360
338	-30.699427
339	-29.943734
340	-29.418222
341	-29.036192
342	-28.748047
343	-28.522140
344	-28.336566
345	-28.174969
346	-28.023997
347	-27.871476
348	-27.704809
349	-27.509213
350	-27.265221
351	-26.944213
352	-26.498425
353	-25.834806
354	-24.743756
355	-22.737175
356	-18.941737
357	-13.047946
358	-7.038393
359	-2.851441
360	0.000000
Phase Voltage ea
0	109.207308
1	113.041020
2	117.804373
3	124.186432
4	130.336029
5	134.313475
6	136.452473
7	137.641384
8	138.378205
9	138.879283
10	139.242381
11	139.518620
12	139.739049
13	139.924920
14	140.092340
15	140.254900
16	140.425528
17	140.618150
18	140.849563
19	141.142012
20	141.527406
21	142.055543
22	142.813282
23	143.975805
24	145.947664
25	149.684369
26	156.901791
27	168.169938
28	179.437349
29	186.652516
30	190.385312
31	192.351366
32	193.505834
33	194.252766
34	194.766664
35	195.133474
36	195.401777
37	195.601858
38	195.753779
39	195.871383
40	195.964553
41	196.040598
42	196.105169
43	196.162897
44	196.217875
45	196.274081
46	196.335802
47	196.408143
48	196.497735
49	196.613822
50	196.770176
51	196.988971
52	197.310060
53	197.816154
54	198.702655
55	200.437323
56	203.862978
57	209.240355
58	214.500765
59	217.531213
60	218.414616
61	217.531213
62	214.500765
63	209.240355
64	203.862978
65	200.437323
66	198.702655
67	197.816154
68	197.310060
69	196.988971
70	196.770176
71	196.613822
72	196.497735
73	196.408143
74	196.335802
75	196.274081
76	196.217875
77	196.162897
78	196.105169
79	196.040598
80	195.964553
81	195.871383
82	195.753779
83	195.601858
84	195.401777
85	195.133474
86	194.766664
87	194.252766
88	193.505834
89	192.351366
90	190.385312
91	186.652516
92	179.437349
93	168.169938
94	156.901791
95	149.684369
96	145.947664
97	143.975805
98	142.813282
99	142.055543
100	141.527406
101	141.142012
102	140.849563
103	140.618150
104	140.425528
105	140.254900
106	140.092340
107	139.924920
108	139.739049
109	139.518620
110	139.242381
111	138.879283
112	138.378205
113	137.641384
114	136.452473
115	134.313475
116	130.336029
117	124.186432
118	117.804373
119	113.041020
120	109.207308
121	104.490193
122	96.696392
123	85.053923
124	73.526950
125	66.123848
126	62.250182
127	60.174770
128	58.931854
129	58.109688
130	57.527795
131	57.095202
132	56.758685
133	56.483223
134	56.243462
135	56.019182
136	55.792348
137	55.544747
138	55.255606
139	54.898586
140	54.437147
141	53.815841
142	52.940496
143	51.626053
144	49.454113
145	45.449105
146	37.864874
147	26.082828
148	14.068485
149	5.698851
150	0.000000
151	-5.698851
152	-14.068485
153	-26.082828
154	-37.864874
155	-45.449105
156	-49.454113
157	-51.626053
158	-52.940496
159	-53.815841
160	-54.437147
161	-54.898586
162	-55.255606
163	-55.544747
164	-55.792348
165	-56.019182
166	-56.243462
167	-56.483223
168	-56.758685
169	-57.095202
170	-57.527795
171	-58.109688
172	-58.931854
173	-60.174770
174	-62.250182
175	-66.123848
176	-73.526950
177	-85.053923
178	-96.696392
179	-104.490193
180	-109.207308
181	-113.041020
182	-117.804373
183	-124.186432
184	-130.336029
185	-134.313475
186	-136.452473
187	-137.641384
188	-138.378205
189	-138.879283
190	-139.242381
191	-139.518620
192	-139.739049
193	-139.924920
194	-140.092340
195	-140.254900
196	-140.425528
197	-140.618150
198	-140.849563
199	-141.142012
200	-141.527406
201	-142.055543
202	-142.813282
203	-143.975805
204	-145.947664
205	-149.684369
206	-156.901791
207	-168.169938
208	-179.437349
209	-186.652516
210	-190.385312
211	-192.351366
212	-193.505834
213	-194.252766
214	-194.766664
215	-195.133474
216	-195.401777
217	-195.601858
218	-195.753779
219	-195.871383
220	-195.964553
221	-196.040598
222	-196.105169
223	-196.162897
224	-196.217875
225	-196.274081
226	-196.335802
227	-196.408143
228	-196.497735
229	-196.613822
230	-196.770176
231	-196.988971
232	-197.310060
233	-197.816154
234	-198.702655
235	-200.437323
236	-203.862978
237	-209.240355
238	-214.500765
239	-217.531213
240	-218.414616
241	-217.531213
242	-214.500765
243	-209.240355
244	-203.862978
245	-200.437323
246	-198.702655
247	-197.816154
248	-197.310060
249	-196.988971
250	-196.770176
251	-196.613822
252	-196.497735
253	-196.408143
254	-196.335802
255	-196.274081
256	-196.217875
257	-196.162897
258	-196.105169
259	-196.040598
260	-195.964553
261	-195.871383
262	-195.753779
263	-195.601858
264	-195.401777
265	-195.133474
266	-194.766664
267	-194.252766
268	-193.505834
269	-192.351366
270	-190.385312
271	-186.652516
272	-179.437349
273	-168.169938
274	-156.901791
275	-149.684369
276	-145.947664
277	-143.975805
278	-142.813282
279	-142.055543
280	-141.527406
281	-141.142012
282	-140.849563
283	-140.618150
284	-140.425528
285	-140.254900
286	-140.092340
287	-139.924920
288	-139.739049
289	-139.518620
290	-139.242381
291	-138.879283
292	-138.378205
293	-137.641384
294	-136.452473
295	-134.313475
296	-130.336029
297	-124.186432
298	-117.804373
299	-113.041020
300	-109.207308
301	-104.490193
302	-96.696392
303	-85.053923
304	-73.526950
305	-66.123848
306	-62.250182
307	-60.174770
308	-58.931854
309	-58.109688
310	-57.527795
311	-57.095202
312	-56.758685
313	-56.483223
314	-56.243462
315	-56.019182
316	-55.792348
317	-55.544747
318	-55.255606
319	-54.898586
320	-54.437147
321	-53.815841
322	-52.940496
323	-51.626053
324	-49.454113
325	-45.449105
326	-37.864874
327	-26.082828
328	-14.068485
329	-5.698851
330	0.000000
331	5.698851
332	14.068485
333	26.082828
334	37.864874
335	45.449105
336	49.454113
337	51.626053
338	52.940496
339	53.815841
340	54.437147
341	54.898586
342	55.255606
343	55.544747
344	55.792348
345	56.019182
346	56.243462
347	56.483223
348	56.758685
349	57.095202
350	57.527795
351	58.109688
352	58.931854
353	60.174770
354	62.250182
355	66.123848
356	73.526950
357	85.053923
358	96.696392
359	104.490193
360	109.207308
Line Voltage eab
