Winding Voltages under Load 
Electric Degree
(Volts)
0	4.49068e-08
0	74.6678
1	74.6678
1	-63.802
2	-63.802
3	13.0341
4	18.942
5	22.7425
6	24.7549
7	25.8522
8	26.5223
9	26.9747
10	27.3025
11	27.5534
12	27.756
13	27.9299
14	28.0898
15	28.2484
16	28.4177
17	28.6114
18	28.8456
19	29.1426
20	29.5341
21	30.07
22	30.8374
23	32.0126
24	34.0024
25	37.7679
26	45.0364
27	56.3844
28	67.7387
29	75.0216
29	160.239
30	160.239
31	159.616
32	157.561
33	154.027
34	150.404
34	121.955
35	121.955
36	93.8825
37	93.9805
38	94.0531
39	94.1087
40	94.1523
41	94.1876
42	94.2177
43	94.245
44	94.2719
45	94.3009
46	94.3346
47	94.3762
48	94.4301
49	94.5021
50	94.6009
51	94.7398
52	94.942
53	95.2531
54	95.7769
55	96.7551
56	98.6219
57	101.533
58	104.508
59	106.584
60	108
61	109.419
62	111.508
63	114.512
64	117.463
65	119.36
66	120.363
67	120.907
68	121.237
69	121.456
70	121.611
71	121.724
72	121.811
73	121.878
74	121.933
75	121.979
76	122.02
77	122.058
78	122.097
79	122.137
80	122.183
81	122.236
82	122.301
83	122.383
84	122.489
85	122.629
86	122.818
87	123.082
88	123.462
89	124.048
89	55.7609
90	55.7609
91	56.3838
92	58.4389
93	61.9725
94	65.5963
94	94.2159
95	94.2159
96	122.118
97	122.02
98	121.947
99	121.891
100	121.848
101	121.813
102	121.782
103	121.755
104	121.728
105	121.699
106	121.666
107	121.624
108	121.57
109	121.498
110	121.399
111	121.26
112	121.058
113	120.747
114	120.223
115	119.245
116	117.378
117	114.467
118	111.492
119	109.416
120	108
121	106.581
122	104.492
123	101.488
124	98.5371
125	96.6397
126	95.637
127	95.0928
128	94.7633
129	94.5442
130	94.3894
131	94.2755
132	94.1891
133	94.1216
134	94.0669
135	94.0208
136	93.98
137	93.9416
138	93.9034
139	93.8629
140	93.8175
141	93.7642
142	93.6991
143	93.6171
144	93.5112
145	93.3713
146	93.1818
147	92.9185
148	92.5378
149	91.9519
149	-59.7609
150	-59.7609
151	-60.3838
152	-62.4389
153	-65.9726
154	-69.5963
154	-19.1142
155	-19.1142
156	33.1313
157	31.2041
158	30.0743
159	29.3425
160	28.8372
161	28.4735
162	28.2028
163	27.9942
164	27.8261
165	27.6826
166	27.5504
167	27.4177
168	27.2719
169	27.0986
170	26.8783
171	26.5827
172	26.1645
173	25.5312
174	24.4751
175	22.5115
176	18.7724
177	12.9449
178	6.99057
179	2.83536
180	-4.49068e-08
181	-2.84203
182	-7.02325
183	-13.0345
184	-18.942
185	-22.7425
186	-24.7549
187	-25.8522
188	-26.5223
189	-26.9747
190	-27.3025
191	-27.5534
192	-27.756
193	-27.9299
194	-28.0898
195	-28.2483
196	-28.4177
197	-28.6113
198	-28.8456
199	-29.1425
200	-29.534
201	-30.0699
202	-30.8374
203	-32.0125
204	-34.0023
205	-37.7678
206	-45.0363
207	-56.3841
208	-67.7384
209	-75.0212
209	-160.239
210	-160.239
211	-159.616
212	-157.561
213	-154.027
214	-150.404
214	-121.699
215	-121.699
216	-93.8824
217	-93.9803
218	-94.0529
219	-94.1085
220	-94.1521
221	-94.1874
222	-94.2175
223	-94.2448
224	-94.2718
225	-94.3008
226	-94.3345
227	-94.3761
228	-94.43
229	-94.502
230	-94.6008
231	-94.7397
232	-94.9419
233	-95.2531
234	-95.7768
235	-96.7551
236	-98.6218
237	-101.533
238	-104.508
239	-106.584
240	-108
241	-109.419
242	-111.508
243	-114.512
244	-117.463
245	-119.36
246	-120.363
247	-120.907
248	-121.237
249	-121.456
250	-121.611
251	-121.724
252	-121.811
253	-121.878
254	-121.933
255	-121.979
256	-122.02
257	-122.058
258	-122.097
259	-122.137
260	-122.183
261	-122.236
262	-122.301
263	-122.383
264	-122.489
265	-122.629
266	-122.818
267	-123.081
268	-123.462
269	-124.048
269	-55.761
270	-55.761
271	-56.3838
272	-58.4389
273	-61.9726
274	-65.5963
274	-94.309
275	-94.309
276	-122.118
277	-122.02
278	-121.947
279	-121.892
280	-121.848
281	-121.813
282	-121.783
283	-121.755
284	-121.728
285	-121.699
286	-121.666
287	-121.624
288	-121.57
289	-121.498
290	-121.399
291	-121.26
292	-121.058
293	-120.747
294	-120.223
295	-119.245
296	-117.378
297	-114.467
298	-111.492
299	-109.416
300	-108
301	-106.581
302	-104.492
303	-101.488
304	-98.5371
305	-96.6397
306	-95.637
307	-95.0928
308	-94.7633
309	-94.5442
310	-94.3894
311	-94.2755
312	-94.1891
313	-94.1216
314	-94.0669
315	-94.0208
316	-93.98
317	-93.9416
318	-93.9034
319	-93.8629
320	-93.8175
321	-93.7642
322	-93.6991
323	-93.6171
324	-93.5112
325	-93.3713
326	-93.1819
327	-92.9185
328	-92.5378
329	-91.9519
329	59.761
330	59.761
331	60.3838
332	62.4389
333	65.9726
334	69.5963
334	19.0464
335	19.0464
336	-33.1313
337	-31.2041
338	-30.0744
339	-29.3426
340	-28.8373
341	-28.4735
342	-28.2029
343	-27.9942
344	-27.8261
345	-27.6826
346	-27.5504
347	-27.4177
348	-27.272
349	-27.0986
350	-26.8783
351	-26.5827
352	-26.1645
353	-25.5312
354	-24.4751
355	-22.5115
356	-18.7724
357	-12.9449
358	-6.99058
359	-2.83536
360	4.49068e-08
360	74.6678
Phase Voltage va
0	108
0	220
1	220
1	12.2935
2	12.2935
3	127.545
4	136.405
5	142.103
6	145.118
7	146.759
8	147.759
9	148.43
10	148.913
11	149.278
12	149.567
13	149.808
14	150.023
15	150.228
16	150.438
17	150.67
18	150.942
19	151.28
20	151.717
21	152.306
22	153.138
23	154.396
24	156.491
25	160.397
26	167.855
27	179.466
28	191.201
29	199.07
29	216
30	216
31	216
32	216
33	216
34	216
34	216
35	216
36	216
37	216
38	216
39	216
40	216
41	216
42	216
43	216
44	216
45	216
46	216
47	216
48	216
49	216
50	216
51	216
52	216
53	216
54	216
55	216
56	216
57	216
58	216
59	216
60	216
61	216
62	216
63	216
64	216
65	216
66	216
67	216
68	216
69	216
70	216
71	216
72	216
73	216
74	216
75	216
76	216
77	216
78	216
79	216
80	216
81	216
82	216
83	216
84	216
85	216
86	216
87	216
88	216
89	216
89	-4
90	-4
91	-4
92	-4
93	-4
94	-4
94	74.9775
95	74.9775
96	155.249
97	153.224
98	152.021
99	151.234
100	150.685
101	150.286
102	149.985
103	149.749
104	149.554
105	149.382
106	149.216
107	149.041
108	148.842
109	148.596
110	148.277
111	147.843
112	147.222
113	146.278
114	144.698
115	141.756
116	136.151
117	127.412
118	118.482
119	112.251
120	108
121	103.739
122	97.4687
123	88.4539
124	79.595
125	73.8973
126	70.8821
127	69.2406
128	68.2411
129	67.5695
130	67.0869
131	66.7222
132	66.4331
133	66.1917
134	65.9771
135	65.7725
136	65.5623
137	65.3303
138	65.0578
139	64.7203
140	64.2835
141	63.6943
142	62.8617
143	61.6046
144	59.509
145	55.6034
146	48.1456
147	36.5343
148	24.7994
149	16.9306
149	-220
150	-220
151	-220
152	-220
153	-220
154	-220
154	-140.836
155	-140.836
156	-60.7511
157	-62.7763
158	-63.9786
159	-64.766
160	-65.3149
161	-65.7139
162	-66.0147
163	-66.2507
164	-66.4457
165	-66.6182
166	-66.7841
167	-66.9584
168	-67.1581
169	-67.4035
170	-67.7225
171	-68.157
172	-68.7775
173	-69.7218
174	-71.3017
175	-74.2435
176	-79.8495
177	-88.5883
178	-97.5177
179	-103.749
180	-108
181	-112.261
182	-118.531
183	-127.546
184	-136.405
185	-142.103
186	-145.118
187	-146.759
188	-147.759
189	-148.43
190	-148.913
191	-149.278
192	-149.567
193	-149.808
194	-150.023
195	-150.227
196	-150.438
197	-150.67
198	-150.942
199	-151.28
200	-151.717
201	-152.306
202	-153.138
203	-154.395
204	-156.491
205	-160.397
206	-167.854
207	-179.466
208	-191.201
209	-199.069
209	-216
210	-216
211	-216
212	-216
213	-216
214	-216
214	-216
215	-216
216	-216
217	-216
218	-216
219	-216
220	-216
221	-216
222	-216
223	-216
224	-216
225	-216
226	-216
227	-216
228	-216
229	-216
230	-216
231	-216
232	-216
233	-216
234	-216
235	-216
236	-216
237	-216
238	-216
239	-216
240	-216
241	-216
242	-216
243	-216
244	-216
245	-216
246	-216
247	-216
248	-216
249	-216
250	-216
251	-216
252	-216
253	-216
254	-216
255	-216
256	-216
257	-216
258	-216
259	-216
260	-216
261	-216
262	-216
263	-216
264	-216
265	-216
266	-216
267	-216
268	-216
269	-216
269	4
270	4
271	4
272	4
273	4
274	4
274	-75.2566
275	-75.2566
276	-155.249
277	-153.224
278	-152.021
279	-151.234
280	-150.685
281	-150.286
282	-149.985
283	-149.749
284	-149.554
285	-149.382
286	-149.216
287	-149.042
288	-148.842
289	-148.597
290	-148.278
291	-147.843
292	-147.223
293	-146.278
294	-144.698
295	-141.756
296	-136.151
297	-127.412
298	-118.482
299	-112.251
300	-108
301	-103.739
302	-97.4687
303	-88.4538
304	-79.595
305	-73.8973
306	-70.8821
307	-69.2406
308	-68.2411
309	-67.5695
310	-67.0869
311	-66.7222
312	-66.4331
313	-66.1917
314	-65.9771
315	-65.7725
316	-65.5623
317	-65.3303
318	-65.0578
319	-64.7204
320	-64.2835
321	-63.6943
322	-62.8617
323	-61.6046
324	-59.509
325	-55.6035
326	-48.1456
327	-36.5344
328	-24.7995
329	-16.9307
329	220
330	220
331	220
332	220
333	220
334	220
334	140.734
335	140.734
336	60.751
337	62.7762
338	63.9785
339	64.7659
340	65.3148
341	65.7139
342	66.0146
343	66.2506
344	66.4456
345	66.6182
346	66.784
347	66.9584
348	67.158
349	67.4034
350	67.7225
351	68.157
352	68.7774
353	69.7218
354	71.3017
355	74.2435
356	79.8494
357	88.5883
358	97.5177
359	103.749
360	108
360	220
Line Voltage vab
