Cogging Torque in Two Teeth
Electric Degree
(N.m)
0	0.023742
1	0.070562
2	0.116600
3	0.161912
4	0.206022
5	0.248946
6	0.290733
7	0.330165
8	0.366995
9	0.401291
10	0.432798
11	0.461401
12	0.487120
13	0.509162
14	0.527472
15	0.542239
16	0.553459
17	0.561016
18	0.564921
19	0.565126
20	0.561799
21	0.555217
22	0.545431
23	0.532448
24	0.516490
25	0.498226
26	0.477881
27	0.455752
28	0.432132
29	0.407211
30	0.381400
31	0.355628
32	0.330050
33	0.304775
34	0.280172
35	0.256373
36	0.233533
37	0.212301
38	0.192659
39	0.174445
40	0.157762
41	0.142516
42	0.128522
43	0.116035
44	0.104923
45	0.094956
46	0.086099
47	0.078209
48	0.071078
49	0.064787
50	0.059227
51	0.054249
52	0.049819
53	0.045851
54	0.042231
55	0.038999
56	0.036099
57	0.033458
58	0.031063
59	0.028874
60	0.026836
61	0.024981
62	0.023281
63	0.021701
64	0.020239
65	0.018874
66	0.017581
67	0.016383
68	0.015265
69	0.014209
70	0.013214
71	0.012271
72	0.011364
73	0.010510
74	0.009702
75	0.008927
76	0.008187
77	0.007473
78	0.006776
79	0.006112
80	0.005472
81	0.004849
82	0.004244
83	0.003651
84	0.003063
85	0.002491
86	0.001931
87	0.001376
88	0.000827
89	0.000278
90	-0.000278
91	-0.000827
92	-0.001376
93	-0.001931
94	-0.002491
95	-0.003063
96	-0.003651
97	-0.004244
98	-0.004849
99	-0.005472
100	-0.006112
101	-0.006776
102	-0.007473
103	-0.008187
104	-0.008927
105	-0.009702
106	-0.010510
107	-0.011364
108	-0.012271
109	-0.013214
110	-0.014209
111	-0.015265
112	-0.016383
113	-0.017581
114	-0.018874
115	-0.020239
116	-0.021701
117	-0.023281
118	-0.024981
119	-0.026836
120	-0.028874
121	-0.031063
122	-0.033458
123	-0.036099
124	-0.038999
125	-0.042231
126	-0.045851
127	-0.049819
128	-0.054249
129	-0.059227
130	-0.064787
131	-0.071078
132	-0.078209
133	-0.086099
134	-0.094956
135	-0.104923
136	-0.116035
137	-0.128522
138	-0.142516
139	-0.157762
140	-0.174445
141	-0.192659
142	-0.212301
143	-0.233533
144	-0.256373
145	-0.280172
146	-0.304775
147	-0.330050
148	-0.355628
149	-0.381400
150	-0.407211
151	-0.432132
152	-0.455752
153	-0.477881
154	-0.498226
155	-0.516490
156	-0.532448
157	-0.545431
158	-0.555217
159	-0.561799
160	-0.565126
161	-0.564921
162	-0.561016
163	-0.553459
164	-0.542239
165	-0.527472
166	-0.509162
167	-0.487120
168	-0.461401
169	-0.432798
170	-0.401291
171	-0.366995
172	-0.330165
173	-0.290733
174	-0.248946
175	-0.206022
176	-0.161912
177	-0.116600
178	-0.070562
179	-0.023742
180	0.023742
181	0.070562
182	0.116600
183	0.161912
184	0.206022
185	0.248946
186	0.290733
187	0.330165
188	0.366995
189	0.401291
190	0.432798
191	0.461401
192	0.487120
193	0.509162
194	0.527472
195	0.542239
196	0.553459
197	0.561016
198	0.564921
199	0.565126
200	0.561799
201	0.555217
202	0.545431
203	0.532448
204	0.516490
205	0.498226
206	0.477881
207	0.455752
208	0.432132
209	0.407211
210	0.381400
211	0.355628
212	0.330050
213	0.304775
214	0.280172
215	0.256373
216	0.233533
217	0.212301
218	0.192659
219	0.174445
220	0.157762
221	0.142516
222	0.128522
223	0.116035
224	0.104923
225	0.094956
226	0.086099
227	0.078209
228	0.071078
229	0.064787
230	0.059227
231	0.054249
232	0.049819
233	0.045851
234	0.042231
235	0.038999
236	0.036099
237	0.033458
238	0.031063
239	0.028874
240	0.026836
241	0.024981
242	0.023281
243	0.021701
244	0.020239
245	0.018874
246	0.017581
247	0.016383
248	0.015265
249	0.014209
250	0.013214
251	0.012271
252	0.011364
253	0.010510
254	0.009702
255	0.008927
256	0.008187
257	0.007473
258	0.006776
259	0.006112
260	0.005472
261	0.004849
262	0.004244
263	0.003651
264	0.003063
265	0.002491
266	0.001931
267	0.001376
268	0.000827
269	0.000278
270	-0.000278
271	-0.000827
272	-0.001376
273	-0.001931
274	-0.002491
275	-0.003063
276	-0.003651
277	-0.004244
278	-0.004849
279	-0.005472
280	-0.006112
281	-0.006776
282	-0.007473
283	-0.008187
284	-0.008927
285	-0.009702
286	-0.010510
287	-0.011364
288	-0.012271
289	-0.013214
290	-0.014209
291	-0.015265
292	-0.016383
293	-0.017581
294	-0.018874
295	-0.020239
296	-0.021701
297	-0.023281
298	-0.024981
299	-0.026836
300	-0.028874
301	-0.031063
302	-0.033458
303	-0.036099
304	-0.038999
305	-0.042231
306	-0.045851
307	-0.049819
308	-0.054249
309	-0.059227
310	-0.064787
311	-0.071078
312	-0.078209
313	-0.086099
314	-0.094956
315	-0.104923
316	-0.116035
317	-0.128522
318	-0.142516
319	-0.157762
320	-0.174445
321	-0.192659
322	-0.212301
323	-0.233533
324	-0.256373
325	-0.280172
326	-0.304775
327	-0.330050
328	-0.355628
329	-0.381400
330	-0.407211
331	-0.432132
332	-0.455752
333	-0.477881
334	-0.498226
335	-0.516490
336	-0.532448
337	-0.545431
338	-0.555217
339	-0.561799
340	-0.565126
341	-0.564921
342	-0.561016
343	-0.553459
344	-0.542239
345	-0.527472
346	-0.509162
347	-0.487120
348	-0.461401
349	-0.432798
350	-0.401291
351	-0.366995
352	-0.330165
353	-0.290733
354	-0.248946
355	-0.206022
356	-0.161912
357	-0.116600
358	-0.070562
359	-0.023742
360	0.023742
Cogging Torque
