Winding Voltages under Load 
Electric Degree
(Volts)
0	4.04414e-08
0	74.6678
1	74.6678
1	-63.679
2	-63.679
3	13.1509
4	19.1105
5	22.9474
6	24.9808
7	26.0912
8	26.7706
9	27.2305
10	27.5648
11	27.8216
12	28.0298
13	28.2091
14	28.3743
15	28.5383
16	28.7133
17	28.9128
18	29.1536
19	29.4579
20	29.8579
21	30.404
22	31.1845
23	32.3776
24	34.3951
25	38.2098
26	45.5702
27	57.0612
28	68.5624
29	75.9457
29	160.425
30	160.425
31	159.772
32	157.676
33	154.089
33	139.141
34	139.141
35	93.6087
36	93.7431
37	93.8409
38	93.9146
39	93.9711
40	94.0155
41	94.0516
42	94.0824
43	94.1105
44	94.1381
45	94.1679
46	94.2023
47	94.2449
48	94.2998
49	94.373
50	94.4733
51	94.614
52	94.8187
53	95.1333
54	95.6624
55	96.6503
56	98.5348
57	101.473
58	104.476
59	106.571
60	108
61	109.432
62	111.54
63	114.57
64	117.547
65	119.463
66	120.476
67	121.026
68	121.361
69	121.583
70	121.741
71	121.858
72	121.947
73	122.017
74	122.074
75	122.123
76	122.166
77	122.206
78	122.247
79	122.29
80	122.338
81	122.394
82	122.462
83	122.547
84	122.656
85	122.8
86	122.994
87	123.263
88	123.65
89	124.246
89	55.5749
90	55.5749
91	56.2276
92	58.324
93	61.9108
93	77.0408
94	77.0408
95	122.391
96	122.257
97	122.159
98	122.086
99	122.029
100	121.985
101	121.949
102	121.918
103	121.89
104	121.862
105	121.832
106	121.798
107	121.755
108	121.7
109	121.627
110	121.527
111	121.386
112	121.181
113	120.867
114	120.338
115	119.35
116	117.465
117	114.527
118	111.524
119	109.429
120	108
121	106.568
122	104.46
123	101.43
124	98.4529
125	96.5374
126	95.5242
127	94.9735
128	94.6394
129	94.4166
130	94.2586
131	94.1419
132	94.0529
133	93.9829
134	93.9258
135	93.8774
136	93.8342
137	93.7935
138	93.7529
139	93.71
140	93.662
141	93.6061
142	93.5382
143	93.4532
144	93.3439
145	93.2002
146	93.0063
147	92.7375
148	92.3499
149	91.7543
149	-59.5749
150	-59.5749
151	-60.2276
152	-62.3241
153	-65.9109
153	-46.5158
154	-46.5158
155	37.1552
156	33.4586
157	31.5148
158	30.3731
159	29.6332
160	29.122
161	28.7538
162	28.4796
163	28.268
164	28.0974
165	27.9515
166	27.8171
167	27.6821
168	27.5339
169	27.3578
170	27.1344
171	26.8349
172	26.4116
173	25.7714
174	24.7043
175	22.7214
176	18.9465
177	13.0644
178	7.05486
179	2.86132
180	-4.04413e-08
181	-2.8678
182	-7.08659
183	-13.1514
184	-19.1105
185	-22.9474
186	-24.9808
187	-26.0912
188	-26.7706
189	-27.2305
190	-27.5648
191	-27.8216
192	-28.0298
193	-28.209
194	-28.3742
195	-28.5382
196	-28.7131
197	-28.9127
198	-29.1535
199	-29.4578
200	-29.8577
201	-30.4038
202	-31.1843
203	-32.3774
204	-34.3948
205	-38.2095
206	-45.5698
207	-57.0608
208	-68.5619
209	-75.9451
209	-160.425
210	-160.425
211	-159.772
212	-157.676
213	-154.089
213	-138.869
214	-138.869
215	-93.6085
216	-93.7429
217	-93.8407
218	-93.9144
219	-93.9709
220	-94.0153
221	-94.0514
222	-94.0822
223	-94.1103
224	-94.138
225	-94.1677
226	-94.2022
227	-94.2447
228	-94.2997
229	-94.3729
230	-94.4731
231	-94.6139
232	-94.8186
233	-95.1332
234	-95.6623
235	-96.6503
236	-98.5348
237	-101.473
238	-104.476
239	-106.571
240	-108
241	-109.432
242	-111.54
243	-114.57
244	-117.547
245	-119.463
246	-120.476
247	-121.026
248	-121.361
249	-121.583
250	-121.741
251	-121.858
252	-121.947
253	-122.017
254	-122.074
255	-122.123
256	-122.166
257	-122.206
258	-122.247
259	-122.29
260	-122.338
261	-122.394
262	-122.462
263	-122.547
264	-122.656
265	-122.8
266	-122.994
267	-123.262
268	-123.65
269	-124.246
269	-55.575
270	-55.575
271	-56.2277
272	-58.3241
273	-61.9109
273	-77.14
274	-77.14
275	-122.391
276	-122.257
277	-122.159
278	-122.086
279	-122.029
280	-121.985
281	-121.949
282	-121.918
283	-121.89
284	-121.862
285	-121.832
286	-121.798
287	-121.755
288	-121.7
289	-121.627
290	-121.527
291	-121.386
292	-121.181
293	-120.867
294	-120.338
295	-119.35
296	-117.465
297	-114.527
298	-111.524
299	-109.429
300	-108
301	-106.568
302	-104.46
303	-101.43
304	-98.4529
305	-96.5374
306	-95.5242
307	-94.9735
308	-94.6394
309	-94.4166
310	-94.2586
311	-94.1419
312	-94.0529
313	-93.9829
314	-93.9258
315	-93.8774
316	-93.8342
317	-93.7935
318	-93.7529
319	-93.71
320	-93.6621
321	-93.6061
322	-93.5382
323	-93.4532
324	-93.344
325	-93.2002
326	-93.0063
327	-92.7375
328	-92.3499
329	-91.7543
329	59.575
330	59.575
331	60.2277
332	62.3241
333	65.9109
333	46.4438
334	46.4438
335	-37.1553
336	-33.4586
337	-31.5149
338	-30.3731
339	-29.6332
340	-29.1221
341	-28.7539
342	-28.4797
343	-28.2681
344	-28.0974
345	-27.9515
346	-27.8171
347	-27.6821
348	-27.5339
349	-27.3579
350	-27.1344
351	-26.835
352	-26.4117
353	-25.7714
354	-24.7043
355	-22.7214
356	-18.9466
357	-13.0644
358	-7.05487
359	-2.86133
360	4.04414e-08
360	74.6678
Phase Voltage va
0	108
0	220
1	220
1	12.4779
2	12.4779
3	127.721
4	136.658
5	142.41
6	145.457
7	147.118
8	148.131
9	148.814
10	149.306
11	149.68
12	149.977
13	150.226
14	150.449
15	150.661
16	150.879
17	151.119
18	151.401
19	151.748
20	152.196
21	152.798
22	153.646
23	154.924
24	157.051
25	161.01
26	168.564
27	180.324
28	192.213
29	200.192
29	216
30	216
31	216
32	216
33	216
33	216
34	216
35	216
36	216
37	216
38	216
39	216
40	216
41	216
42	216
43	216
44	216
45	216
46	216
47	216
48	216
49	216
50	216
51	216
52	216
53	216
54	216
55	216
56	216
57	216
58	216
59	216
60	216
61	216
62	216
63	216
64	216
65	216
66	216
67	216
68	216
69	216
70	216
71	216
72	216
73	216
74	216
75	216
76	216
77	216
78	216
79	216
80	216
81	216
82	216
83	216
84	216
85	216
86	216
87	216
88	216
89	216
89	-4
90	-4
91	-4
92	-4
93	-4
93	30.3925
94	30.3925
95	159.547
96	155.715
97	153.674
98	152.459
99	151.662
100	151.107
101	150.702
102	150.397
103	150.158
104	149.959
105	149.784
106	149.615
107	149.437
108	149.234
109	148.985
110	148.661
111	148.221
112	147.593
113	146.638
114	145.042
115	142.071
116	136.412
117	127.591
118	118.579
119	112.29
120	108
121	103.7
122	97.3737
123	88.2786
124	79.3424
125	73.59
126	70.5434
127	68.8823
128	67.8688
129	67.1861
130	66.6938
131	66.3203
132	66.0232
133	65.7739
134	65.5516
135	65.3392
136	65.121
137	64.8808
138	64.5994
139	64.2522
140	63.8043
141	63.2023
142	62.3539
143	61.0758
144	58.9491
145	54.9906
146	47.4364
147	35.6767
148	23.788
149	15.8091
149	-220
150	-220
151	-220
152	-220
153	-220
153	-185.409
154	-185.409
155	-56.4533
156	-60.2844
157	-62.3259
158	-63.5413
159	-64.3377
160	-64.8933
161	-65.2976
162	-65.6026
163	-65.8423
164	-66.0406
165	-66.2162
166	-66.3851
167	-66.5627
168	-66.7658
169	-67.0151
170	-67.3388
171	-67.779
172	-68.4069
173	-69.3618
174	-70.9581
175	-73.9289
176	-79.5883
177	-88.409
178	-97.4213
179	-103.71
180	-108
181	-112.3
182	-118.626
183	-127.721
184	-136.658
185	-142.41
186	-145.457
187	-147.118
188	-148.131
189	-148.814
190	-149.306
191	-149.68
192	-149.977
193	-150.226
194	-150.448
195	-150.661
196	-150.879
197	-151.119
198	-151.401
199	-151.748
200	-152.196
201	-152.798
202	-153.646
203	-154.924
204	-157.051
205	-161.009
206	-168.564
207	-180.323
208	-192.212
209	-200.191
209	-216
210	-216
211	-216
212	-216
213	-216
213	-216
214	-216
215	-216
216	-216
217	-216
218	-216
219	-216
220	-216
221	-216
222	-216
223	-216
224	-216
225	-216
226	-216
227	-216
228	-216
229	-216
230	-216
231	-216
232	-216
233	-216
234	-216
235	-216
236	-216
237	-216
238	-216
239	-216
240	-216
241	-216
242	-216
243	-216
244	-216
245	-216
246	-216
247	-216
248	-216
249	-216
250	-216
251	-216
252	-216
253	-216
254	-216
255	-216
256	-216
257	-216
258	-216
259	-216
260	-216
261	-216
262	-216
263	-216
264	-216
265	-216
266	-216
267	-216
268	-216
269	-216
269	4
270	4
271	4
272	4
273	4
273	-30.6899
274	-30.6899
275	-159.547
276	-155.716
277	-153.674
278	-152.459
279	-151.662
280	-151.107
281	-150.702
282	-150.397
283	-150.158
284	-149.959
285	-149.784
286	-149.615
287	-149.437
288	-149.234
289	-148.985
290	-148.661
291	-148.221
292	-147.593
293	-146.638
294	-145.042
295	-142.071
296	-136.412
297	-127.591
298	-118.579
299	-112.29
300	-108
301	-103.7
302	-97.3737
303	-88.2786
304	-79.3424
305	-73.59
306	-70.5434
307	-68.8823
308	-67.8688
309	-67.1861
310	-66.6938
311	-66.3203
312	-66.0232
313	-65.7739
314	-65.5516
315	-65.3392
316	-65.121
317	-64.8808
318	-64.5994
319	-64.2522
320	-63.8044
321	-63.2023
322	-62.3539
323	-61.0758
324	-58.9491
325	-54.9906
326	-47.4365
327	-35.6767
328	-23.788
329	-15.8092
329	220
330	220
331	220
332	220
333	220
333	185.301
334	185.301
335	56.4532
336	60.2843
337	62.3258
338	63.5412
339	64.3377
340	64.8932
341	65.2975
342	65.6026
343	65.8422
344	66.0405
345	66.2162
346	66.3851
347	66.5626
348	66.7657
349	67.015
350	67.3387
351	67.779
352	68.4069
353	69.3618
354	70.9581
355	73.9289
356	79.5882
357	88.409
358	97.4213
359	103.71
360	108
360	220
Line Voltage vab
