Winding Currents under Load 
Electric Degree
(Amperes)
0	2.76549
1	2.93147
2	2.7419
3	2.71628
4	2.72474
5	2.74411
6	2.76788
7	2.7937
8	2.82052
9	2.84782
10	2.87533
11	2.90285
12	2.93029
13	2.95756
14	2.98462
15	3.01144
16	3.03799
17	3.06429
18	3.09032
19	3.11612
20	3.14171
21	3.16714
22	3.19247
23	3.2178
24	3.24325
25	3.26901
26	3.29533
27	3.32262
28	3.35149
29	3.38302
29	1.98084e-11
30	0.430501
31	0.850534
32	1.25494
33	1.63957
34	1.95951
35	2.02702
36	2.07707
37	2.1257
38	2.17337
39	2.22017
40	2.26612
41	2.31127
42	2.35562
43	2.39917
44	2.44191
45	2.48381
46	2.52484
47	2.56496
48	2.60409
49	2.64216
50	2.67903
51	2.71452
52	2.74833
53	2.77996
54	2.80835
55	2.8312
56	2.84389
57	2.84112
58	2.82327
59	2.79654
60	2.76692
61	2.7393
62	2.71956
63	2.71375
64	2.72231
65	2.74169
66	2.76547
67	2.79131
68	2.81815
69	2.84547
70	2.87299
71	2.90053
72	2.92799
73	2.95528
74	2.98235
75	3.00918
76	3.03576
77	3.06207
78	3.08812
79	3.11394
80	3.13954
81	3.16499
82	3.19034
83	3.21568
84	3.24115
85	3.26692
86	3.29327
87	3.32057
88	3.34945
89	3.38101
89	1.98095e-11
90	0.430505
91	0.850543
92	1.25495
93	1.63962
94	1.95857
95	2.02601
96	2.07607
97	2.1247
98	2.17237
99	2.21916
100	2.26512
101	2.31027
102	2.35462
103	2.39818
104	2.44092
105	2.48282
106	2.52386
107	2.56398
108	2.60312
109	2.64119
110	2.67806
111	2.71355
112	2.74737
113	2.779
114	2.8074
115	2.83025
116	2.84295
117	2.84019
118	2.82235
119	2.79562
120	2.766
121	2.73839
122	2.71866
123	2.71285
124	2.72142
125	2.74081
126	2.7646
127	2.79045
128	2.81729
129	2.84462
130	2.87214
131	2.89969
132	2.92715
133	2.95445
134	2.98153
135	3.00837
136	3.03494
137	3.06126
138	3.08732
139	3.11314
140	3.13875
141	3.16421
142	3.18956
143	3.21491
144	3.24039
145	3.26617
146	3.29252
147	3.31983
148	3.34872
149	3.38028
149	1.98091e-11
150	0.430507
151	0.850547
152	1.25496
153	1.63964
154	1.95823
155	2.02565
156	2.0757
157	2.12433
158	2.17201
159	2.2188
160	2.26476
161	2.30991
162	2.35426
163	2.39782
164	2.44056
165	2.48246
166	2.5235
167	2.56362
168	2.60276
169	2.64083
170	2.67771
171	2.7132
172	2.74702
173	2.77866
174	2.80706
175	2.82991
176	2.84261
177	2.83985
178	2.82201
179	2.79528
180	2.76567
181	2.73806
182	2.71833
183	2.71253
184	2.7211
185	2.74049
186	2.76428
187	2.79013
188	2.81698
189	2.84431
190	2.87183
191	2.89938
192	2.92685
193	2.95414
194	2.98123
195	3.00807
196	3.03465
197	3.06097
198	3.08703
199	3.11285
200	3.13847
201	3.16392
202	3.18928
203	3.21463
204	3.24011
205	3.26589
206	3.29224
207	3.31955
208	3.34845
209	3.38001
209	1.9809e-11
210	0.430507
211	0.850548
212	1.25496
213	1.63965
214	1.95811
215	2.02552
216	2.07557
217	2.1242
218	2.17187
219	2.21867
220	2.26463
221	2.30978
222	2.35413
223	2.39769
224	2.44043
225	2.48233
226	2.52337
227	2.56349
228	2.60263
229	2.64071
230	2.67758
231	2.71308
232	2.7469
233	2.77853
234	2.80693
235	2.82979
236	2.84248
237	2.83973
238	2.82189
239	2.79516
240	2.76555
241	2.73794
242	2.71822
243	2.71241
244	2.72099
245	2.74038
246	2.76417
247	2.79002
248	2.81686
249	2.84419
250	2.87172
251	2.89927
252	2.92674
253	2.95403
254	2.98112
255	3.00796
256	3.03454
257	3.06086
258	3.08692
259	3.11275
260	3.13836
261	3.16382
262	3.18918
263	3.21453
264	3.24001
265	3.26579
266	3.29214
267	3.31946
268	3.34835
269	3.37991
269	1.98095e-11
270	0.430508
271	0.850548
272	1.25496
273	1.63965
274	1.95806
275	2.02547
276	2.07552
277	2.12415
278	2.17183
279	2.21862
280	2.26458
281	2.30973
282	2.35408
283	2.39764
284	2.44038
285	2.48229
286	2.52333
287	2.56345
288	2.60259
289	2.64066
290	2.67753
291	2.71303
292	2.74685
293	2.77849
294	2.80689
295	2.82974
296	2.84244
297	2.83968
298	2.82184
299	2.79512
300	2.76551
301	2.7379
302	2.71817
303	2.71237
304	2.72094
305	2.74033
306	2.76413
307	2.78997
308	2.81682
309	2.84415
310	2.87168
311	2.89923
312	2.92669
313	2.95399
314	2.98108
315	3.00792
316	3.0345
317	3.06082
318	3.08688
319	3.11271
320	3.13833
321	3.16378
322	3.18914
323	3.21449
324	3.23997
325	3.26575
326	3.29211
327	3.31942
328	3.34831
329	3.37988
329	1.9809e-11
330	0.430508
331	0.850548
332	1.25496
333	1.63965
334	1.95805
335	2.02545
336	2.0755
337	2.12414
338	2.17181
339	2.2186
340	2.26456
341	2.30971
342	2.35407
343	2.39762
344	2.44036
345	2.48227
346	2.52331
347	2.56343
348	2.60257
349	2.64064
350	2.67752
351	2.71301
352	2.74683
353	2.77847
354	2.80687
355	2.82972
356	2.84242
357	2.83967
358	2.82183
359	2.7951
360	2.76549
Source Current
0	1.12e-10
1	0.38757
2	-1.64779e-11
3	9.22793e-11
4	8.33424e-11
5	7.759e-11
6	7.45434e-11
7	7.28823e-11
8	7.18688e-11
9	7.11861e-11
10	7.06938e-11
11	7.03203e-11
12	7.00231e-11
13	6.97738e-11
14	6.95515e-11
15	6.93391e-11
16	6.91209e-11
17	6.88806e-11
18	6.85992e-11
19	6.8252e-11
20	6.78041e-11
21	6.7202e-11
22	6.63536e-11
23	6.50755e-11
24	6.29488e-11
25	5.89903e-11
26	5.1436e-11
27	3.96762e-11
28	2.77874e-11
29	1.98084e-11
30	0.430501
31	0.850534
32	1.25494
33	1.63957
34	1.95951
35	2.02702
36	2.07707
37	2.1257
38	2.17337
39	2.22017
40	2.26612
41	2.31127
42	2.35562
43	2.39917
44	2.44191
45	2.48381
46	2.52484
47	2.56496
48	2.60409
49	2.64216
50	2.67903
51	2.71452
52	2.74833
53	2.77996
54	2.80835
55	2.8312
56	2.84389
57	2.84112
58	2.82327
59	2.79654
60	2.76692
61	2.7393
62	2.71956
63	2.71375
64	2.72231
65	2.74169
66	2.76547
67	2.79131
68	2.81815
69	2.84547
70	2.87299
71	2.90053
72	2.92799
73	2.95528
74	2.98235
75	3.00918
76	3.03576
77	3.06207
78	3.08812
79	3.11394
80	3.13954
81	3.16499
82	3.19034
83	3.21568
84	3.24115
85	3.26692
86	3.29327
87	3.32057
88	3.34945
89	3.38101
90	3.0454
91	2.72758
92	2.42288
93	2.14123
94	1.95857
95	2.02601
96	2.07607
97	2.1247
98	2.17237
99	2.21916
100	2.26512
101	2.31027
102	2.35462
103	2.39818
104	2.44092
105	2.48282
106	2.52386
107	2.56398
108	2.60312
109	2.64119
110	2.67806
111	2.71355
112	2.74737
113	2.779
114	2.8074
115	2.83025
116	2.84295
117	2.84019
118	2.82235
119	2.79562
120	2.766
121	2.73839
122	2.71866
123	2.71285
124	2.72142
125	2.74081
126	2.7646
127	2.79045
128	2.81729
129	2.84462
130	2.87214
131	2.89969
132	2.92715
133	2.95445
134	2.98153
135	3.00837
136	3.03494
137	3.06126
138	3.08732
139	3.11314
140	3.13875
141	3.16421
142	3.18956
143	3.21491
144	3.24039
145	3.26617
146	3.29252
147	3.31983
148	3.34872
149	3.38028
150	2.61417
151	1.87631
152	1.16719
153	0.500888
154	-3.45913e-11
155	6.04533e-11
156	6.42844e-11
157	6.63259e-11
158	6.75413e-11
159	6.83377e-11
160	6.88933e-11
161	6.92976e-11
162	6.96026e-11
163	6.98423e-11
164	7.00406e-11
165	7.02162e-11
166	7.03851e-11
167	7.05627e-11
168	7.07658e-11
169	7.10151e-11
170	7.13388e-11
171	7.1779e-11
172	7.24069e-11
173	7.33618e-11
174	7.49581e-11
175	7.79289e-11
176	8.35883e-11
177	9.2409e-11
178	1.01421e-10
179	1.0771e-10
180	-1.12e-10
181	-1.077e-10
182	-1.01374e-10
183	-9.22786e-11
184	-8.33424e-11
185	-7.759e-11
186	-7.45434e-11
187	-7.28823e-11
188	-7.18688e-11
189	-7.11861e-11
190	-7.06938e-11
191	-7.03203e-11
192	-7.00232e-11
193	-6.97739e-11
194	-6.95516e-11
195	-6.93392e-11
196	-6.9121e-11
197	-6.88808e-11
198	-6.85994e-11
199	-6.82522e-11
200	-6.78043e-11
201	-6.72023e-11
202	-6.63539e-11
203	-6.50758e-11
204	-6.29491e-11
205	-5.89906e-11
206	-5.14365e-11
207	-3.96767e-11
208	-2.7788e-11
209	-1.98092e-11
210	-0.430507
211	-0.850548
212	-1.25496
213	-1.63965
214	-1.95811
215	-2.02552
216	-2.07557
217	-2.1242
218	-2.17187
219	-2.21867
220	-2.26463
221	-2.30978
222	-2.35413
223	-2.39769
224	-2.44043
225	-2.48233
226	-2.52337
227	-2.56349
228	-2.60263
229	-2.64071
230	-2.67758
231	-2.71308
232	-2.7469
233	-2.77853
234	-2.80693
235	-2.82979
236	-2.84248
237	-2.83973
238	-2.82189
239	-2.79516
240	-2.76555
241	-2.73794
242	-2.71822
243	-2.71241
244	-2.72099
245	-2.74038
246	-2.76417
247	-2.79002
248	-2.81686
249	-2.84419
250	-2.87172
251	-2.89927
252	-2.92674
253	-2.95403
254	-2.98112
255	-3.00796
256	-3.03454
257	-3.06086
258	-3.08692
259	-3.11275
260	-3.13836
261	-3.16382
262	-3.18918
263	-3.21453
264	-3.24001
265	-3.26579
266	-3.29214
267	-3.31946
268	-3.34835
269	-3.37991
270	-3.04431
271	-2.7265
272	-2.4218
273	-2.14018
274	-1.95806
275	-2.02547
276	-2.07552
277	-2.12415
278	-2.17183
279	-2.21862
280	-2.26458
281	-2.30973
282	-2.35408
283	-2.39764
284	-2.44038
285	-2.48229
286	-2.52333
287	-2.56345
288	-2.60259
289	-2.64066
290	-2.67753
291	-2.71303
292	-2.74685
293	-2.77849
294	-2.80689
295	-2.82974
296	-2.84244
297	-2.83968
298	-2.82184
299	-2.79512
300	-2.76551
301	-2.7379
302	-2.71817
303	-2.71237
304	-2.72094
305	-2.74033
306	-2.76413
307	-2.78997
308	-2.81682
309	-2.84415
310	-2.87168
311	-2.89923
312	-2.92669
313	-2.95399
314	-2.98108
315	-3.00792
316	-3.0345
317	-3.06082
318	-3.08688
319	-3.11271
320	-3.13833
321	-3.16378
322	-3.18914
323	-3.21449
324	-3.23997
325	-3.26575
326	-3.29211
327	-3.31942
328	-3.34831
329	-3.37988
330	-2.61377
331	-1.87591
332	-1.1668
333	-0.500493
334	3.46994e-11
335	-6.04532e-11
336	-6.42843e-11
337	-6.63258e-11
338	-6.75412e-11
339	-6.83377e-11
340	-6.88932e-11
341	-6.92975e-11
342	-6.96026e-11
343	-6.98422e-11
344	-7.00405e-11
345	-7.02162e-11
346	-7.03851e-11
347	-7.05626e-11
348	-7.07657e-11
349	-7.1015e-11
350	-7.13387e-11
351	-7.1779e-11
352	-7.24069e-11
353	-7.33618e-11
354	-7.49581e-11
355	-7.79289e-11
356	-8.35882e-11
357	-9.2409e-11
358	-1.01421e-10
359	-1.0771e-10
360	1.12e-10
Phase Current ia
0	-2.76549
1	-2.93147
2	-2.7419
3	-2.71628
4	-2.72474
5	-2.74411
6	-2.76788
7	-2.7937
8	-2.82052
9	-2.84782
10	-2.87533
11	-2.90285
12	-2.93029
13	-2.95756
14	-2.98462
15	-3.01144
16	-3.03799
17	-3.06429
18	-3.09032
19	-3.11612
20	-3.14171
21	-3.16714
22	-3.19247
23	-3.2178
24	-3.24325
25	-3.26901
26	-3.29533
27	-3.32262
28	-3.35149
29	-3.38302
30	-3.0474
31	-2.72957
32	-2.42486
33	-2.14318
34	-1.95951
35	-2.02702
36	-2.07707
37	-2.1257
38	-2.17337
39	-2.22017
40	-2.26612
41	-2.31127
42	-2.35562
43	-2.39917
44	-2.44191
45	-2.48381
46	-2.52484
47	-2.56496
48	-2.60409
49	-2.64216
50	-2.67903
51	-2.71452
52	-2.74833
53	-2.77996
54	-2.80835
55	-2.8312
56	-2.84389
57	-2.84112
58	-2.82327
59	-2.79654
60	-2.76692
61	-2.7393
62	-2.71956
63	-2.71375
64	-2.72231
65	-2.74169
66	-2.76547
67	-2.79131
68	-2.81815
69	-2.84547
70	-2.87299
71	-2.90053
72	-2.92799
73	-2.95528
74	-2.98235
75	-3.00918
76	-3.03576
77	-3.06207
78	-3.08812
79	-3.11394
80	-3.13954
81	-3.16499
82	-3.19034
83	-3.21568
84	-3.24115
85	-3.26692
86	-3.29327
87	-3.32057
88	-3.34945
89	-3.38101
90	-2.61489
91	-1.87704
92	-1.16792
93	-0.501614
94	3.43925e-11
95	-6.04535e-11
96	-6.42845e-11
97	-6.6326e-11
98	-6.75415e-11
99	-6.83379e-11
100	-6.88935e-11
101	-6.92977e-11
102	-6.96028e-11
103	-6.98424e-11
104	-7.00407e-11
105	-7.02164e-11
106	-7.03852e-11
107	-7.05628e-11
108	-7.07659e-11
109	-7.10152e-11
110	-7.13389e-11
111	-7.17791e-11
112	-7.2407e-11
113	-7.33619e-11
114	-7.49582e-11
115	-7.7929e-11
116	-8.35883e-11
117	-9.24091e-11
118	-1.01421e-10
119	-1.0771e-10
120	1.12e-10
121	1.077e-10
122	1.01374e-10
123	9.22786e-11
124	8.33424e-11
125	7.759e-11
126	7.45434e-11
127	7.28823e-11
128	7.18688e-11
129	7.11861e-11
130	7.06938e-11
131	7.03203e-11
132	7.00232e-11
133	6.97739e-11
134	6.95516e-11
135	6.93392e-11
136	6.9121e-11
137	6.88808e-11
138	6.85994e-11
139	6.82522e-11
140	6.78043e-11
141	6.72023e-11
142	6.63539e-11
143	6.50758e-11
144	6.29491e-11
145	5.89906e-11
146	5.14364e-11
147	3.96767e-11
148	2.7788e-11
149	1.98091e-11
150	0.430507
151	0.850547
152	1.25496
153	1.63964
154	1.95823
155	2.02565
156	2.0757
157	2.12433
158	2.17201
159	2.2188
160	2.26476
161	2.30991
162	2.35426
163	2.39782
164	2.44056
165	2.48246
166	2.5235
167	2.56362
168	2.60276
169	2.64083
170	2.67771
171	2.7132
172	2.74702
173	2.77866
174	2.80706
175	2.82991
176	2.84261
177	2.83985
178	2.82201
179	2.79528
180	2.76567
181	2.73806
182	2.71833
183	2.71253
184	2.7211
185	2.74049
186	2.76428
187	2.79013
188	2.81698
189	2.84431
190	2.87183
191	2.89938
192	2.92685
193	2.95414
194	2.98123
195	3.00807
196	3.03465
197	3.06097
198	3.08703
199	3.11285
200	3.13847
201	3.16392
202	3.18928
203	3.21463
204	3.24011
205	3.26589
206	3.29224
207	3.31955
208	3.34845
209	3.38001
210	3.04441
211	2.72659
212	2.42189
213	2.14027
214	1.95811
215	2.02552
216	2.07557
217	2.1242
218	2.17187
219	2.21867
220	2.26463
221	2.30978
222	2.35413
223	2.39769
224	2.44043
225	2.48233
226	2.52337
227	2.56349
228	2.60263
229	2.64071
230	2.67758
231	2.71308
232	2.7469
233	2.77853
234	2.80693
235	2.82979
236	2.84248
237	2.83973
238	2.82189
239	2.79516
240	2.76555
241	2.73794
242	2.71822
243	2.71241
244	2.72099
245	2.74038
246	2.76417
247	2.79002
248	2.81686
249	2.84419
250	2.87172
251	2.89927
252	2.92674
253	2.95403
254	2.98112
255	3.00796
256	3.03454
257	3.06086
258	3.08692
259	3.11275
260	3.13836
261	3.16382
262	3.18918
263	3.21453
264	3.24001
265	3.26579
266	3.29214
267	3.31946
268	3.34835
269	3.37991
270	2.6138
271	1.87595
272	1.16683
273	0.500528
274	-3.46899e-11
275	6.04532e-11
276	6.42843e-11
277	6.63258e-11
278	6.75412e-11
279	6.83377e-11
280	6.88933e-11
281	6.92975e-11
282	6.96026e-11
283	6.98422e-11
284	7.00405e-11
285	7.02162e-11
286	7.03851e-11
287	7.05626e-11
288	7.07657e-11
289	7.1015e-11
290	7.13387e-11
291	7.1779e-11
292	7.24069e-11
293	7.33618e-11
294	7.49581e-11
295	7.79289e-11
296	8.35882e-11
297	9.2409e-11
298	1.01421e-10
299	1.0771e-10
300	-1.12e-10
301	-1.077e-10
302	-1.01374e-10
303	-9.22786e-11
304	-8.33424e-11
305	-7.759e-11
306	-7.45434e-11
307	-7.28823e-11
308	-7.18688e-11
309	-7.11861e-11
310	-7.06938e-11
311	-7.03203e-11
312	-7.00232e-11
313	-6.97739e-11
314	-6.95516e-11
315	-6.93392e-11
316	-6.9121e-11
317	-6.88808e-11
318	-6.85994e-11
319	-6.82522e-11
320	-6.78044e-11
321	-6.72023e-11
322	-6.63539e-11
323	-6.50758e-11
324	-6.29491e-11
325	-5.89906e-11
326	-5.14365e-11
327	-3.96767e-11
328	-2.7788e-11
329	-1.98092e-11
330	-0.430508
331	-0.850548
332	-1.25496
333	-1.63965
334	-1.95805
335	-2.02545
336	-2.0755
337	-2.12414
338	-2.17181
339	-2.2186
340	-2.26456
341	-2.30971
342	-2.35407
343	-2.39762
344	-2.44036
345	-2.48227
346	-2.52331
347	-2.56343
348	-2.60257
349	-2.64064
350	-2.67752
351	-2.71301
352	-2.74683
353	-2.77847
354	-2.80687
355	-2.82972
356	-2.84242
357	-2.83967
358	-2.82183
359	-2.7951
360	-2.76549
Phase Current ib
0	2.76549
1	2.5439
2	2.7419
3	2.71628
4	2.72474
5	2.74411
6	2.76788
7	2.7937
8	2.82052
9	2.84782
10	2.87533
11	2.90285
12	2.93029
13	2.95756
14	2.98462
15	3.01144
16	3.03799
17	3.06429
18	3.09032
19	3.11612
20	3.14171
21	3.16714
22	3.19247
23	3.2178
24	3.24325
25	3.26901
26	3.29533
27	3.32262
28	3.35149
29	3.38302
30	2.6169
31	1.87904
32	1.16992
33	0.50361
34	-3.38458e-11
35	6.04539e-11
36	6.42846e-11
37	6.63265e-11
38	6.7542e-11
39	6.83387e-11
40	6.88942e-11
41	6.92983e-11
42	6.9603e-11
43	6.98428e-11
44	7.00409e-11
45	7.02167e-11
46	7.03846e-11
47	7.05622e-11
48	7.07669e-11
49	7.10156e-11
50	7.13389e-11
51	7.1779e-11
52	7.2407e-11
53	7.33613e-11
54	7.49578e-11
55	7.79288e-11
56	8.35878e-11
57	9.24087e-11
58	1.01421e-10
59	1.0771e-10
60	-1.12001e-10
61	-1.07701e-10
62	-1.01374e-10
63	-9.22786e-11
64	-8.33422e-11
65	-7.75904e-11
66	-7.45426e-11
67	-7.28821e-11
68	-7.18687e-11
69	-7.11875e-11
70	-7.06937e-11
71	-7.03206e-11
72	-7.00235e-11
73	-6.97735e-11
74	-6.95528e-11
75	-6.93383e-11
76	-6.91216e-11
77	-6.88809e-11
78	-6.85993e-11
79	-6.82521e-11
80	-6.78044e-11
81	-6.72022e-11
82	-6.63549e-11
83	-6.50751e-11
84	-6.29496e-11
85	-5.89906e-11
86	-5.14371e-11
87	-3.96772e-11
88	-2.7788e-11
89	-1.98095e-11
90	-0.430505
91	-0.850543
92	-1.25495
93	-1.63962
94	-1.95857
95	-2.02601
96	-2.07607
97	-2.1247
98	-2.17237
99	-2.21916
100	-2.26512
101	-2.31027
102	-2.35462
103	-2.39818
104	-2.44092
105	-2.48282
106	-2.52386
107	-2.56398
108	-2.60312
109	-2.64119
110	-2.67806
111	-2.71355
112	-2.74737
113	-2.779
114	-2.8074
115	-2.83025
116	-2.84295
117	-2.84019
118	-2.82235
119	-2.79562
120	-2.766
121	-2.73839
122	-2.71866
123	-2.71285
124	-2.72142
125	-2.74081
126	-2.7646
127	-2.79045
128	-2.81729
129	-2.84462
130	-2.87214
131	-2.89969
132	-2.92715
133	-2.95445
134	-2.98153
135	-3.00837
136	-3.03494
137	-3.06126
138	-3.08732
139	-3.11314
140	-3.13875
141	-3.16421
142	-3.18956
143	-3.21491
144	-3.24039
145	-3.26617
146	-3.29252
147	-3.31983
148	-3.34872
149	-3.38028
150	-3.04467
151	-2.72686
152	-2.42215
153	-2.14053
154	-1.95823
155	-2.02565
156	-2.0757
157	-2.12433
158	-2.17201
159	-2.2188
160	-2.26476
161	-2.30991
162	-2.35426
163	-2.39782
164	-2.44056
165	-2.48246
166	-2.5235
167	-2.56362
168	-2.60276
169	-2.64083
170	-2.67771
171	-2.7132
172	-2.74702
173	-2.77866
174	-2.80706
175	-2.82991
176	-2.84261
177	-2.83985
178	-2.82201
179	-2.79528
180	-2.76567
181	-2.73806
182	-2.71833
183	-2.71253
184	-2.7211
185	-2.74049
186	-2.76428
187	-2.79013
188	-2.81698
189	-2.84431
190	-2.87183
191	-2.89938
192	-2.92685
193	-2.95414
194	-2.98123
195	-3.00807
196	-3.03465
197	-3.06097
198	-3.08703
199	-3.11285
200	-3.13847
201	-3.16392
202	-3.18928
203	-3.21463
204	-3.24011
205	-3.26589
206	-3.29224
207	-3.31955
208	-3.34845
209	-3.38001
210	-2.6139
211	-1.87604
212	-1.16693
213	-0.500624
214	3.46643e-11
215	-6.04539e-11
216	-6.42846e-11
217	-6.63265e-11
218	-6.75415e-11
219	-6.83378e-11
220	-6.88933e-11
221	-6.92979e-11
222	-6.9603e-11
223	-6.98419e-11
224	-7.004e-11
225	-7.02167e-11
226	-7.03846e-11
227	-7.05631e-11
228	-7.07647e-11
229	-7.10143e-11
230	-7.13385e-11
231	-7.17795e-11
232	-7.2407e-11
233	-7.33626e-11
234	-7.49578e-11
235	-7.79297e-11
236	-8.35874e-11
237	-9.24087e-11
238	-1.01422e-10
239	-1.07709e-10
240	1.11999e-10
241	1.07699e-10
242	1.01374e-10
243	9.22786e-11
244	8.33427e-11
245	7.75899e-11
246	7.45435e-11
247	7.28817e-11
248	7.18687e-11
249	7.11862e-11
250	7.06932e-11
251	7.03202e-11
252	7.00231e-11
253	6.97749e-11
254	6.95506e-11
255	6.93388e-11
256	6.91216e-11
257	6.88809e-11
258	6.85993e-11
259	6.82521e-11
260	6.78031e-11
261	6.72022e-11
262	6.63531e-11
263	6.50751e-11
264	6.29488e-11
265	5.89901e-11
266	5.14362e-11
267	3.96763e-11
268	2.77876e-11
269	1.98095e-11
270	0.430508
271	0.850548
272	1.25496
273	1.63965
274	1.95806
275	2.02547
276	2.07552
277	2.12415
278	2.17183
279	2.21862
280	2.26458
281	2.30973
282	2.35408
283	2.39764
284	2.44038
285	2.48229
286	2.52333
287	2.56345
288	2.60259
289	2.64066
290	2.67753
291	2.71303
292	2.74685
293	2.77849
294	2.80689
295	2.82974
296	2.84244
297	2.83968
298	2.82184
299	2.79512
300	2.76551
301	2.7379
302	2.71817
303	2.71237
304	2.72094
305	2.74033
306	2.76413
307	2.78997
308	2.81682
309	2.84415
310	2.87168
311	2.89923
312	2.92669
313	2.95399
314	2.98108
315	3.00792
316	3.0345
317	3.06082
318	3.08688
319	3.11271
320	3.13833
321	3.16378
322	3.18914
323	3.21449
324	3.23997
325	3.26575
326	3.29211
327	3.31942
328	3.34831
329	3.37988
330	3.04428
331	2.72646
332	2.42176
333	2.14014
334	1.95805
335	2.02545
336	2.0755
337	2.12414
338	2.17181
339	2.2186
340	2.26456
341	2.30971
342	2.35407
343	2.39762
344	2.44036
345	2.48227
346	2.52331
347	2.56343
348	2.60257
349	2.64064
350	2.67752
351	2.71301
352	2.74683
353	2.77847
354	2.80687
355	2.82972
356	2.84242
357	2.83967
358	2.82183
359	2.7951
360	2.76549
Phase Current ic
