Winding Voltages under Load 
Electric Degree
(Volts)
0	4.44234e-08
0	74.6678
1	74.6678
1	-63.7886
2	-63.7886
3	13.0466
4	18.96
5	22.7644
6	24.779
7	25.8777
8	26.5487
9	27.0019
10	27.3303
11	27.5818
12	27.785
13	27.9594
14	28.1199
15	28.2789
16	28.4488
17	28.6431
18	28.878
19	29.1757
20	29.568
21	30.1049
22	30.8737
23	32.0507
24	34.0433
25	37.814
26	45.092
27	56.4547
28	67.8242
29	75.1174
29	160.258
30	160.258
31	159.633
32	157.574
33	154.035
34	150.406
34	117.671
35	117.671
36	93.8678
37	93.9657
38	94.0384
39	94.0941
40	94.1377
41	94.1732
42	94.2033
43	94.2307
44	94.2577
45	94.2868
46	94.3205
47	94.3623
48	94.4163
49	94.4884
50	94.5873
51	94.7264
52	94.9289
53	95.2404
54	95.7647
55	96.744
56	98.6126
57	101.527
58	104.505
59	106.583
60	108
61	109.421
62	111.511
63	114.518
64	117.472
65	119.371
66	120.375
67	120.92
68	121.25
69	121.469
70	121.625
71	121.739
72	121.825
73	121.893
74	121.948
75	121.994
76	122.035
77	122.074
78	122.112
79	122.153
80	122.199
81	122.252
82	122.318
83	122.4
84	122.506
85	122.647
86	122.836
87	123.1
88	123.482
89	124.069
89	55.7417
90	55.7417
91	56.3672
92	58.4264
93	61.9648
94	65.594
94	98.5009
95	98.5009
96	122.132
97	122.034
98	121.962
99	121.906
100	121.862
101	121.827
102	121.797
103	121.769
104	121.742
105	121.713
106	121.68
107	121.638
108	121.584
109	121.512
110	121.413
111	121.274
112	121.071
113	120.76
114	120.235
115	119.256
116	117.387
117	114.473
118	111.495
119	109.417
120	108
121	106.579
122	104.489
123	101.482
124	98.528
125	96.6288
126	95.625
127	95.0801
128	94.7502
129	94.5307
130	94.3755
131	94.2614
132	94.1747
133	94.1069
134	94.052
135	94.0057
136	93.9646
137	93.9261
138	93.8876
139	93.8468
140	93.8012
141	93.7476
142	93.6823
143	93.6
144	93.4938
145	93.3534
146	93.1636
147	92.8997
148	92.5183
149	91.9314
149	-59.7417
150	-59.7417
151	-60.3672
152	-62.4264
153	-65.9648
154	-69.5941
154	-10.5406
155	-10.5406
156	33.1658
157	31.237
158	30.106
159	29.3734
160	28.8674
161	28.5033
162	28.2322
163	28.0233
164	27.8549
165	27.7111
166	27.5788
167	27.4458
168	27.2998
169	27.1262
170	26.9055
171	26.6096
172	26.1908
173	25.5568
174	24.4995
175	22.5339
176	18.7909
177	12.9576
178	6.99744
179	2.83813
180	-4.44234e-08
181	-2.84479
182	-7.03003
183	-13.047
184	-18.9601
185	-22.7644
186	-24.779
187	-25.8777
188	-26.5487
189	-27.0019
190	-27.3303
191	-27.5818
192	-27.785
193	-27.9594
194	-28.1198
195	-28.2789
196	-28.4488
197	-28.643
198	-28.8779
199	-29.1756
200	-29.5679
201	-30.1048
202	-30.8736
203	-32.0506
204	-34.0432
205	-37.8138
206	-45.0918
207	-56.4545
208	-67.8239
209	-75.1171
209	-160.258
210	-160.258
211	-159.633
212	-157.574
213	-154.035
214	-150.406
214	-117.414
215	-117.414
216	-93.8676
217	-93.9655
218	-94.0382
219	-94.0939
220	-94.1376
221	-94.173
222	-94.2031
223	-94.2305
224	-94.2576
225	-94.2866
226	-94.3204
227	-94.3621
228	-94.4161
229	-94.4883
230	-94.5872
231	-94.7263
232	-94.9288
233	-95.2403
234	-95.7646
235	-96.7439
236	-98.6125
237	-101.527
238	-104.505
239	-106.583
240	-108
241	-109.421
242	-111.511
243	-114.518
244	-117.472
245	-119.371
246	-120.375
247	-120.92
248	-121.25
249	-121.469
250	-121.625
251	-121.739
252	-121.825
253	-121.893
254	-121.948
255	-121.994
256	-122.035
257	-122.074
258	-122.112
259	-122.153
260	-122.199
261	-122.252
262	-122.318
263	-122.4
264	-122.506
265	-122.647
266	-122.836
267	-123.1
268	-123.482
269	-124.069
269	-55.7417
270	-55.7417
271	-56.3672
272	-58.4264
273	-61.9648
274	-65.5941
274	-98.5945
275	-98.5945
276	-122.132
277	-122.034
278	-121.962
279	-121.906
280	-121.862
281	-121.827
282	-121.797
283	-121.769
284	-121.742
285	-121.713
286	-121.68
287	-121.638
288	-121.584
289	-121.512
290	-121.413
291	-121.274
292	-121.071
293	-120.76
294	-120.235
295	-119.256
296	-117.387
297	-114.473
298	-111.495
299	-109.417
300	-108
301	-106.579
302	-104.489
303	-101.482
304	-98.528
305	-96.6288
306	-95.625
307	-95.0801
308	-94.7502
309	-94.5307
310	-94.3755
311	-94.2614
312	-94.1747
313	-94.1069
314	-94.052
315	-94.0057
316	-93.9646
317	-93.9261
318	-93.8876
319	-93.8469
320	-93.8012
321	-93.7476
322	-93.6823
323	-93.6
324	-93.4938
325	-93.3534
326	-93.1636
327	-92.8997
328	-92.5183
329	-91.9314
329	59.7417
330	59.7417
331	60.3672
332	62.4264
333	65.9648
334	69.5941
334	10.4725
335	10.4725
336	-33.1659
337	-31.2371
338	-30.1061
339	-29.3734
340	-28.8675
341	-28.5033
342	-28.2323
343	-28.0233
344	-27.855
345	-27.7112
346	-27.5788
347	-27.4458
348	-27.2998
349	-27.1262
350	-26.9056
351	-26.6096
352	-26.1908
353	-25.5568
354	-24.4995
355	-22.5339
356	-18.791
357	-12.9576
358	-6.99744
359	-2.83814
360	4.44234e-08
360	74.6678
Phase Voltage va
0	108
0	220
1	220
1	12.3135
2	12.3135
3	127.564
4	136.432
5	142.136
6	145.154
7	146.798
8	147.799
9	148.471
10	148.955
11	149.32
12	149.61
13	149.853
14	150.068
15	150.273
16	150.484
17	150.717
18	150.99
19	151.329
20	151.767
21	152.357
22	153.192
23	154.451
24	156.55
25	160.461
26	167.928
27	179.555
28	191.306
29	199.186
29	216
30	216
31	216
32	216
33	216
34	216
34	216
35	216
36	216
37	216
38	216
39	216
40	216
41	216
42	216
43	216
44	216
45	216
46	216
47	216
48	216
49	216
50	216
51	216
52	216
53	216
54	216
55	216
56	216
57	216
58	216
59	216
60	216
61	216
62	216
63	216
64	216
65	216
66	216
67	216
68	216
69	216
70	216
71	216
72	216
73	216
74	216
75	216
76	216
77	216
78	216
79	216
80	216
81	216
82	216
83	216
84	216
85	216
86	216
87	216
88	216
89	216
89	-4
90	-4
91	-4
92	-4
93	-4
94	-4
94	87.8353
95	87.8353
96	155.298
97	153.271
98	152.068
99	151.279
100	150.73
101	150.33
102	150.029
103	149.793
104	149.597
105	149.424
106	149.258
107	149.084
108	148.884
109	148.638
110	148.318
111	147.883
112	147.262
113	146.316
114	144.735
115	141.79
116	136.178
117	127.431
118	118.493
119	112.255
120	108
121	103.735
122	97.4586
123	88.4351
124	79.568
125	73.8644
126	70.8459
127	69.2024
128	68.2015
129	67.5288
130	67.0452
131	66.6796
132	66.3897
133	66.1475
134	65.9322
135	65.7268
136	65.5158
137	65.2831
138	65.0097
139	64.6712
140	64.2333
141	63.6428
142	62.8086
143	61.5494
144	59.4506
145	55.5396
146	48.0718
147	36.4452
148	24.6944
149	16.8143
149	-220
150	-220
151	-220
152	-220
153	-220
154	-220
154	-127.977
155	-127.977
156	-60.7018
157	-62.7285
158	-63.9322
159	-64.7205
160	-65.2701
161	-65.6697
162	-65.9709
163	-66.2073
164	-66.4027
165	-66.5755
166	-66.7416
167	-66.9163
168	-67.1163
169	-67.3621
170	-67.6817
171	-68.1168
172	-68.738
173	-69.6835
174	-71.2651
175	-74.21
176	-79.8216
177	-88.5692
178	-97.5074
179	-103.745
180	-108
181	-112.265
182	-118.541
183	-127.565
184	-136.432
185	-142.136
186	-145.154
187	-146.798
188	-147.799
189	-148.471
190	-148.955
191	-149.32
192	-149.61
193	-149.852
194	-150.068
195	-150.273
196	-150.484
197	-150.717
198	-150.99
199	-151.329
200	-151.767
201	-152.357
202	-153.191
203	-154.451
204	-156.549
205	-160.46
206	-167.928
207	-179.555
208	-191.306
209	-199.186
209	-216
210	-216
211	-216
212	-216
213	-216
214	-216
214	-216
215	-216
216	-216
217	-216
218	-216
219	-216
220	-216
221	-216
222	-216
223	-216
224	-216
225	-216
226	-216
227	-216
228	-216
229	-216
230	-216
231	-216
232	-216
233	-216
234	-216
235	-216
236	-216
237	-216
238	-216
239	-216
240	-216
241	-216
242	-216
243	-216
244	-216
245	-216
246	-216
247	-216
248	-216
249	-216
250	-216
251	-216
252	-216
253	-216
254	-216
255	-216
256	-216
257	-216
258	-216
259	-216
260	-216
261	-216
262	-216
263	-216
264	-216
265	-216
266	-216
267	-216
268	-216
269	-216
269	4
270	4
271	4
272	4
273	4
274	4
274	-88.1159
275	-88.1159
276	-155.298
277	-153.272
278	-152.068
279	-151.28
280	-150.73
281	-150.33
282	-150.029
283	-149.793
284	-149.597
285	-149.425
286	-149.258
287	-149.084
288	-148.884
289	-148.638
290	-148.318
291	-147.883
292	-147.262
293	-146.317
294	-144.735
295	-141.79
296	-136.178
297	-127.431
298	-118.493
299	-112.255
300	-108
301	-103.735
302	-97.4586
303	-88.4351
304	-79.568
305	-73.8644
306	-70.8459
307	-69.2024
308	-68.2015
309	-67.5288
310	-67.0452
311	-66.6796
312	-66.3897
313	-66.1475
314	-65.9322
315	-65.7268
316	-65.5158
317	-65.2831
318	-65.0097
319	-64.6713
320	-64.2333
321	-63.6428
322	-62.8087
323	-61.5494
324	-59.4506
325	-55.5396
326	-48.0718
327	-36.4452
328	-24.6944
329	-16.8144
329	220
330	220
331	220
332	220
333	220
334	220
334	127.875
335	127.875
336	60.7017
337	62.7284
338	63.9321
339	64.7205
340	65.2701
341	65.6697
342	65.9709
343	66.2072
344	66.4026
345	66.5754
346	66.7416
347	66.9163
348	67.1163
349	67.3621
350	67.6816
351	68.1167
352	68.738
353	69.6834
354	71.2651
355	74.21
356	79.8216
357	88.5692
358	97.5074
359	103.745
360	108
360	220
Line Voltage vab
